0 	 5 	 16 	 5.02207e-01 	 1000 	 0.98316	0 	 5 	 16 	 1.51929e+02 	 1 	 0.00826	0 	 5 	 16 	 5.85484e-01 	 136 	 0.79001
1 	 5 	 16 	 7.28241e-09 	 1000 	 0.97409	1 	 5 	 16 	 7.28241e-09 	 1000 	 1.38767	1 	 5 	 16 	 7.28893e-09 	 1000 	 7.30509
2 	 5 	 16 	 5.90845e-01 	 28 	 0.02393	2 	 5 	 16 	 2.86587e+01 	 3 	 0.00517	2 	 5 	 16 	 3.77357e-01 	 59 	 0.31837
3 	 5 	 16 	 1.05044e+01 	 84 	 0.07226	3 	 5 	 16 	 1.05044e+01 	 84 	 0.12467	3 	 5 	 16 	 1.05044e+01 	 83 	 0.53620
4 	 5 	 16 	 1.09736e-07 	 354 	 0.34025	4 	 5 	 16 	 1.09736e-07 	 354 	 0.46596	4 	 5 	 16 	 1.09736e-07 	 354 	 2.57367
5 	 5 	 16 	 1.48962e+00 	 36 	 0.03054	5 	 5 	 16 	 3.28553e+02 	 6 	 0.00756	5 	 5 	 16 	 1.48962e+00 	 36 	 0.22479
6 	 5 	 16 	 3.30113e+00 	 64 	 0.05194	6 	 5 	 16 	 3.30113e+00 	 67 	 0.09358	6 	 5 	 16 	 3.30113e+00 	 64 	 0.36279
7 	 5 	 16 	 8.60230e-07 	 1000 	 1.02399	7 	 5 	 16 	 8.60230e-07 	 1000 	 1.36545	7 	 5 	 16 	 8.34454e-07 	 1000 	 7.49481
8 	 5 	 16 	 8.93994e-01 	 39 	 0.03312	8 	 5 	 16 	 8.87364e+01 	 5 	 0.00612	8 	 5 	 16 	 8.93994e-01 	 39 	 0.22710
9 	 5 	 16 	 8.41697e-04 	 1000 	 0.97439	9 	 5 	 16 	 1.02770e+02 	 73 	 0.09540	9 	 5 	 16 	 8.35509e-04 	 1000 	 5.99862
10 	 5 	 16 	 4.42375e-01 	 91 	 0.07499	10 	 5 	 16 	 3.48060e+02 	 1 	 0.00541	10 	 5 	 16 	 4.84757e-01 	 53 	 0.32215
0 	 6 	 19 	 2.28337e-10 	 1000 	 1.18758	0 	 6 	 19 	 2.29396e-10 	 1000 	 1.60345	0 	 6 	 19 	 5.35390e-10 	 1000 	 8.46568
1 	 6 	 19 	 3.22767e-08 	 1000 	 1.03849	1 	 6 	 19 	 3.22797e-08 	 1000 	 1.60063	1 	 6 	 19 	 3.20653e-08 	 1000 	 8.97868
2 	 6 	 19 	 2.04330e+01 	 793 	 0.71041	2 	 6 	 19 	 4.18501e+01 	 3 	 0.00719	2 	 6 	 19 	 3.72926e-01 	 1000 	 7.84343
3 	 6 	 19 	 1.02718e+01 	 74 	 0.06080	3 	 6 	 19 	 4.12498e+04 	 6 	 0.00901	3 	 6 	 19 	 1.02718e+01 	 76 	 0.53097
4 	 6 	 19 	 2.40460e-05 	 1000 	 1.03928	4 	 6 	 19 	 2.40460e-05 	 1000 	 1.71171	4 	 6 	 19 	 2.40365e-05 	 1000 	 9.01158
5 	 6 	 19 	 1.58892e-08 	 1000 	 0.97825	5 	 6 	 19 	 1.53561e-08 	 1000 	 1.76879	5 	 6 	 19 	 2.17382e-08 	 1000 	 9.33139
6 	 6 	 19 	 1.69828e-07 	 1000 	 1.02342	6 	 6 	 19 	 1.69828e-07 	 1000 	 1.74168	6 	 6 	 19 	 1.69832e-07 	 1000 	 9.83198
7 	 6 	 19 	 7.78847e+00 	 17 	 0.01542	7 	 6 	 19 	 4.02119e+04 	 4 	 0.00785	7 	 6 	 19 	 7.78847e+00 	 17 	 0.11654
8 	 6 	 19 	 6.43187e-08 	 1000 	 1.04831	8 	 6 	 19 	 6.23674e-08 	 1000 	 1.76823	8 	 6 	 19 	 6.25534e-08 	 1000 	 9.73220
9 	 6 	 19 	 1.96336e+00 	 1000 	 0.92476	9 	 6 	 19 	 1.02962e+02 	 17 	 0.02648	9 	 6 	 19 	 1.97303e+00 	 1000 	 7.71913
10 	 6 	 19 	 4.42375e-01 	 43 	 0.03966	10 	 6 	 19 	 4.42375e-01 	 43 	 0.08339	10 	 6 	 19 	 4.42375e-01 	 43 	 0.31514
0 	 7 	 22 	 4.57890e-08 	 230 	 0.25314	0 	 7 	 22 	 1.66566e+02 	 12 	 0.02039	0 	 7 	 22 	 4.57890e-08 	 241 	 2.43829
1 	 7 	 22 	 9.59579e-06 	 1000 	 1.62336	1 	 7 	 22 	 1.61117e+02 	 54 	 0.10037	1 	 7 	 22 	 9.60536e-06 	 1000 	 10.76595
2 	 7 	 22 	 8.61492e-02 	 1000 	 0.98859	2 	 7 	 22 	 2.95017e+01 	 3 	 0.00714	2 	 7 	 22 	 8.87823e-02 	 1000 	 10.47114
3 	 7 	 22 	 8.48805e-01 	 78 	 0.07261	3 	 7 	 22 	 3.23834e+04 	 5 	 0.01076	3 	 7 	 22 	 1.09740e+01 	 44 	 0.35801
4 	 7 	 22 	 6.03120e-08 	 1000 	 1.03480	4 	 7 	 22 	 6.03023e-08 	 1000 	 2.11127	4 	 7 	 22 	 4.53045e-08 	 1000 	 10.35802
5 	 7 	 22 	 1.33831e+00 	 42 	 0.03797	5 	 7 	 22 	 2.44907e+02 	 1 	 0.00602	5 	 7 	 22 	 1.33831e+00 	 44 	 0.37571
6 	 7 	 22 	 1.58522e-10 	 1000 	 1.07236	6 	 7 	 22 	 1.58522e-10 	 1000 	 2.05065	6 	 7 	 22 	 5.03351e-10 	 1000 	 11.01805
7 	 7 	 22 	 4.70577e-07 	 1000 	 1.02760	7 	 7 	 22 	 2.02554e+04 	 382 	 0.68978	7 	 7 	 22 	 6.48922e-07 	 1000 	 12.40477
8 	 7 	 22 	 9.39588e-07 	 1000 	 1.05190	8 	 7 	 22 	 1.59409e+02 	 6 	 0.01071	8 	 7 	 22 	 9.38356e-07 	 1000 	 10.70457
9 	 7 	 22 	 2.89091e-08 	 1000 	 1.03423	9 	 7 	 22 	 1.07153e-08 	 1000 	 1.92876	9 	 7 	 22 	 5.09429e-09 	 1000 	 10.50240
10 	 7 	 22 	 2.91574e+01 	 34 	 0.03174	10 	 7 	 22 	 1.64763e+02 	 4 	 0.01036	10 	 7 	 22 	 2.91574e+01 	 34 	 0.30023
0 	 8 	 25 	 2.38359e-10 	 1000 	 1.07605	0 	 8 	 25 	 2.38359e-10 	 1000 	 2.42494	0 	 8 	 25 	 9.16848e-08 	 1000 	 12.11941
1 	 8 	 25 	 8.49151e-08 	 1000 	 1.07215	1 	 8 	 25 	 1.58116e+02 	 22 	 0.04250	1 	 8 	 25 	 8.41222e-08 	 1000 	 12.51623
2 	 8 	 25 	 5.67384e-10 	 1000 	 1.05284	2 	 8 	 25 	 3.23956e-10 	 1000 	 2.35532	2 	 8 	 25 	 3.21867e-01 	 1000 	 11.72945
3 	 8 	 25 	 2.00145e-04 	 1000 	 1.07814	3 	 8 	 25 	 2.00210e-04 	 1000 	 2.40513	3 	 8 	 25 	 1.96424e-04 	 1000 	 12.54122
4 	 8 	 25 	 1.36211e+00 	 96 	 0.08776	4 	 8 	 25 	 1.36211e+00 	 96 	 0.19122	4 	 8 	 25 	 1.36211e+00 	 84 	 0.78783
5 	 8 	 25 	 2.43143e-09 	 1000 	 1.08804	5 	 8 	 25 	 2.43143e-09 	 1000 	 2.41598	5 	 8 	 25 	 2.43153e-09 	 1000 	 12.40279
6 	 8 	 25 	 1.93111e-11 	 1000 	 1.06107	6 	 8 	 25 	 1.89164e-11 	 1000 	 2.36175	6 	 8 	 25 	 1.29239e-09 	 1000 	 12.27583
7 	 8 	 25 	 2.82987e-06 	 1000 	 1.06291	7 	 8 	 25 	 1.18482e+04 	 15 	 0.02324	7 	 8 	 25 	 2.88835e-06 	 1000 	 12.33443
8 	 8 	 25 	 1.15776e-09 	 1000 	 1.08007	8 	 8 	 25 	 1.10379e+02 	 6 	 0.01101	8 	 8 	 25 	 1.15813e-09 	 1000 	 12.88828
9 	 8 	 25 	 4.28611e+01 	 76 	 0.07288	9 	 8 	 25 	 1.32662e+02 	 3 	 0.01134	9 	 8 	 25 	 4.28610e+01 	 156 	 1.64689
10 	 8 	 25 	 4.57727e-01 	 34 	 0.03115	10 	 8 	 25 	 1.67481e+02 	 3 	 0.00983	10 	 8 	 25 	 4.47563e-01 	 68 	 0.55649
0 	 9 	 28 	 2.53930e-11 	 1000 	 1.13385	0 	 9 	 28 	 2.52743e-11 	 1000 	 2.50309	0 	 9 	 28 	 1.35917e-10 	 1000 	 14.36101
1 	 9 	 28 	 5.01438e-10 	 1000 	 1.14932	1 	 9 	 28 	 1.50662e+02 	 9 	 0.01577	1 	 9 	 28 	 4.82414e-10 	 1000 	 14.45386
2 	 9 	 28 	 3.40286e-01 	 1000 	 0.90742	2 	 9 	 28 	 4.04830e+01 	 3 	 0.00910	2 	 9 	 28 	 2.45867e+01 	 1000 	 14.86553
3 	 9 	 28 	 8.94328e-07 	 1000 	 1.15630	3 	 9 	 28 	 8.94683e-07 	 1000 	 2.54419	3 	 9 	 28 	 9.33995e-07 	 1000 	 14.57643
4 	 9 	 28 	 1.11462e-07 	 1000 	 1.14326	4 	 9 	 28 	 1.10818e-07 	 1000 	 2.49036	4 	 9 	 28 	 1.15208e-07 	 1000 	 14.38369
5 	 9 	 28 	 2.04674e-08 	 1000 	 0.98198	5 	 9 	 28 	 9.88910e+01 	 3 	 0.00913	5 	 9 	 28 	 1.67212e-07 	 1000 	 13.80514
6 	 9 	 28 	 8.37915e-11 	 1000 	 1.12899	6 	 9 	 28 	 8.35055e-11 	 1000 	 2.50561	6 	 9 	 28 	 6.40261e-11 	 1000 	 14.95217
7 	 9 	 28 	 7.10091e+00 	 107 	 0.09812	7 	 9 	 28 	 1.25145e+04 	 4 	 0.01190	7 	 9 	 28 	 1.22808e+01 	 21 	 0.21006
8 	 9 	 28 	 1.86403e-10 	 1000 	 1.14478	8 	 9 	 28 	 1.86403e-10 	 1000 	 2.57108	8 	 9 	 28 	 1.87416e-10 	 1000 	 16.69830
9 	 9 	 28 	 1.94838e+00 	 258 	 0.25295	9 	 9 	 28 	 2.30662e+02 	 1 	 0.00814	9 	 9 	 28 	 2.02211e+00 	 428 	 5.92231
10 	 9 	 28 	 1.02642e-06 	 1000 	 1.02618	10 	 9 	 28 	 2.44641e-08 	 1000 	 2.43808	10 	 9 	 28 	 6.35901e-07 	 1000 	 13.73037
0 	 10 	 31 	 4.14598e-01 	 87 	 0.09348	0 	 10 	 31 	 4.14598e-01 	 87 	 0.23174	0 	 10 	 31 	 4.14598e-01 	 92 	 1.19031
1 	 10 	 31 	 1.07408e-10 	 1000 	 1.15416	1 	 10 	 31 	 1.07274e-10 	 1000 	 2.91330	1 	 10 	 31 	 2.51939e-10 	 1000 	 16.60429
2 	 10 	 31 	 2.58485e-09 	 1000 	 1.17166	2 	 10 	 31 	 4.25876e-11 	 1000 	 3.08629	2 	 10 	 31 	 6.46237e-10 	 1000 	 16.46946
3 	 10 	 31 	 2.67730e-07 	 1000 	 1.17059	3 	 10 	 31 	 2.67243e-07 	 1000 	 3.56834	3 	 10 	 31 	 8.11023e-07 	 1000 	 16.05082
4 	 10 	 31 	 1.31591e+00 	 344 	 0.34689	4 	 10 	 31 	 1.00221e+03 	 3 	 0.03364	4 	 10 	 31 	 1.31591e+00 	 342 	 4.21778
5 	 10 	 31 	 2.19804e-09 	 1000 	 1.16017	5 	 10 	 31 	 1.10408e+02 	 3 	 0.02885	5 	 10 	 31 	 1.71085e-10 	 1000 	 15.52766
6 	 10 	 31 	 1.67422e-12 	 1000 	 1.16763	6 	 10 	 31 	 5.71146e-12 	 1000 	 3.58821	6 	 10 	 31 	 2.82502e-11 	 1000 	 16.59463
7 	 10 	 31 	 7.65069e-06 	 1000 	 1.15314	7 	 10 	 31 	 1.30888e+04 	 8 	 0.04324	7 	 10 	 31 	 7.90076e-07 	 1000 	 16.18065
8 	 10 	 31 	 3.62057e-11 	 1000 	 1.19961	8 	 10 	 31 	 3.52924e-11 	 1000 	 3.56538	8 	 10 	 31 	 2.77744e-10 	 1000 	 16.45871
9 	 10 	 31 	 2.77701e-04 	 1000 	 1.11313	9 	 10 	 31 	 2.55959e-05 	 1000 	 3.56963	9 	 10 	 31 	 1.27126e-05 	 1000 	 15.63440
10 	 10 	 31 	 2.25978e-06 	 1000 	 1.19508	10 	 10 	 31 	 2.25978e-06 	 1000 	 3.60706	10 	 10 	 31 	 6.17598e-07 	 1000 	 16.82086
0 	 11 	 34 	 2.57717e-09 	 1000 	 1.21266	0 	 11 	 34 	 2.62279e-09 	 1000 	 3.64794	0 	 11 	 34 	 1.78488e-09 	 1000 	 19.11978
1 	 11 	 34 	 1.50763e-10 	 1000 	 1.23065	1 	 11 	 34 	 1.50770e-10 	 1000 	 3.65101	1 	 11 	 34 	 1.49297e-10 	 1000 	 19.27331
2 	 11 	 34 	 2.66400e-11 	 1000 	 1.24826	2 	 11 	 34 	 2.66400e-11 	 1000 	 3.73528	2 	 11 	 34 	 2.66787e-11 	 1000 	 18.71311
3 	 11 	 34 	 3.39821e-07 	 1000 	 1.21379	3 	 11 	 34 	 3.41744e-07 	 1000 	 3.62905	3 	 11 	 34 	 4.52040e-07 	 1000 	 18.12433
4 	 11 	 34 	 1.36171e+00 	 361 	 0.37922	4 	 11 	 34 	 9.88238e+02 	 3 	 0.04000	4 	 11 	 34 	 1.36453e+00 	 51 	 0.64795
5 	 11 	 34 	 3.29778e-10 	 1000 	 1.18880	5 	 11 	 34 	 3.29330e-10 	 1000 	 3.63035	5 	 11 	 34 	 3.28894e-10 	 1000 	 17.75822
6 	 11 	 34 	 1.60190e-10 	 1000 	 1.21175	6 	 11 	 34 	 1.60115e-10 	 1000 	 3.56980	6 	 11 	 34 	 2.23948e-10 	 1000 	 19.06132
7 	 11 	 34 	 1.05720e-08 	 1000 	 1.20992	7 	 11 	 34 	 1.35904e+04 	 15 	 0.09185	7 	 11 	 34 	 3.90223e-09 	 1000 	 18.28245
8 	 11 	 34 	 1.76185e-10 	 1000 	 1.22427	8 	 11 	 34 	 1.65679e+02 	 6 	 0.03704	8 	 11 	 34 	 1.76980e-10 	 1000 	 19.12056
9 	 11 	 34 	 1.20013e-07 	 1000 	 1.18638	9 	 11 	 34 	 1.06509e-07 	 1000 	 3.59017	9 	 11 	 34 	 8.40165e-09 	 1000 	 18.75592
10 	 11 	 34 	 2.74824e-07 	 1000 	 1.21023	10 	 11 	 34 	 2.30700e-07 	 1000 	 4.07756	10 	 11 	 34 	 2.42648e-07 	 1000 	 18.01674
0 	 12 	 37 	 3.81287e-10 	 1000 	 1.19155	0 	 12 	 37 	 3.73883e-10 	 1000 	 4.68079	0 	 12 	 37 	 2.04208e-10 	 1000 	 20.56275
1 	 12 	 37 	 1.82548e-10 	 1000 	 1.28084	1 	 12 	 37 	 1.82548e-10 	 1000 	 4.53719	1 	 12 	 37 	 1.16231e-10 	 1000 	 20.98693
2 	 12 	 37 	 6.93108e-11 	 1000 	 1.28907	2 	 12 	 37 	 4.31865e+01 	 22 	 0.06185	2 	 12 	 37 	 1.48182e-10 	 1000 	 20.88396
3 	 12 	 37 	 1.19080e-07 	 1000 	 1.27518	3 	 12 	 37 	 3.48922e-06 	 1000 	 3.28970	3 	 12 	 37 	 3.94413e-03 	 1000 	 18.48900
4 	 12 	 37 	 1.31746e+00 	 640 	 0.67687	4 	 12 	 37 	 1.04494e+03 	 1 	 0.01076	4 	 12 	 37 	 3.70113e-09 	 1000 	 20.46168
5 	 12 	 37 	 5.00852e-11 	 1000 	 1.20545	5 	 12 	 37 	 5.02533e-11 	 1000 	 3.78440	5 	 12 	 37 	 2.96648e-10 	 1000 	 20.07792
6 	 12 	 37 	 2.38289e-10 	 1000 	 1.29621	6 	 12 	 37 	 2.38289e-10 	 1000 	 4.00853	6 	 12 	 37 	 2.51295e-10 	 1000 	 20.72025
7 	 12 	 37 	 6.87039e+00 	 592 	 0.67447	7 	 12 	 37 	 1.70384e+04 	 5 	 0.01687	7 	 12 	 37 	 6.87047e+00 	 93 	 1.61071
8 	 12 	 37 	 1.33814e-10 	 1000 	 1.24930	8 	 12 	 37 	 1.59722e+02 	 6 	 0.01845	8 	 12 	 37 	 1.33238e-10 	 1000 	 19.98432
9 	 12 	 37 	 1.09493e-09 	 1000 	 1.22988	9 	 12 	 37 	 9.76091e+01 	 63 	 0.18609	9 	 12 	 37 	 3.80743e-09 	 1000 	 20.66410
10 	 12 	 37 	 3.34558e-10 	 1000 	 1.21455	10 	 12 	 37 	 1.63858e+02 	 4 	 0.01341	10 	 12 	 37 	 1.20878e-09 	 1000 	 20.92654
0 	 13 	 40 	 9.07828e-11 	 1000 	 1.31670	0 	 13 	 40 	 9.07870e-11 	 1000 	 4.15732	0 	 13 	 40 	 8.85569e-11 	 1000 	 22.94753
1 	 13 	 40 	 7.54114e-10 	 1000 	 1.29995	1 	 13 	 40 	 7.54052e-10 	 1000 	 4.14358	1 	 13 	 40 	 1.86671e-10 	 1000 	 23.29915
2 	 13 	 40 	 1.07083e-09 	 1000 	 1.28428	2 	 13 	 40 	 1.06184e-09 	 1000 	 4.00634	2 	 13 	 40 	 3.49945e-11 	 1000 	 22.93463
3 	 13 	 40 	 4.63206e-07 	 1000 	 1.28090	3 	 13 	 40 	 2.18439e+04 	 31 	 0.09199	3 	 13 	 40 	 7.91847e-07 	 1000 	 22.72649
4 	 13 	 40 	 5.60228e-08 	 1000 	 1.26702	4 	 13 	 40 	 1.37557e+03 	 1 	 0.01193	4 	 13 	 40 	 3.39881e-07 	 1000 	 21.85956
5 	 13 	 40 	 1.11262e-09 	 1000 	 1.27332	5 	 13 	 40 	 1.10627e-09 	 1000 	 3.99944	5 	 13 	 40 	 1.11539e-09 	 1000 	 22.19485
6 	 13 	 40 	 1.56262e-09 	 1000 	 1.28953	6 	 13 	 40 	 1.56516e-09 	 1000 	 4.11700	6 	 13 	 40 	 2.67950e-12 	 1000 	 21.53918
7 	 13 	 40 	 7.20522e-08 	 1000 	 1.21512	7 	 13 	 40 	 1.40658e+04 	 78 	 0.33933	7 	 13 	 40 	 1.17933e-06 	 1000 	 21.10004
8 	 13 	 40 	 4.80502e-09 	 1000 	 1.28100	8 	 13 	 40 	 4.08845e-09 	 1000 	 4.00727	8 	 13 	 40 	 3.83731e-09 	 1000 	 22.34857
9 	 13 	 40 	 1.38127e-09 	 1000 	 1.26820	9 	 13 	 40 	 9.23909e+01 	 181 	 0.73833	9 	 13 	 40 	 2.34005e-09 	 1000 	 20.41121
10 	 13 	 40 	 3.94273e-01 	 361 	 0.41357	10 	 13 	 40 	 1.65449e+02 	 1 	 0.03041	10 	 13 	 40 	 3.90551e-01 	 1000 	 19.16018
0 	 14 	 43 	 7.17072e-10 	 1000 	 1.31563	0 	 14 	 43 	 7.15521e-10 	 1000 	 4.43540	0 	 14 	 43 	 4.94144e-10 	 1000 	 24.30461
1 	 14 	 43 	 7.97391e-11 	 1000 	 1.33456	1 	 14 	 43 	 7.97391e-11 	 1000 	 4.68214	1 	 14 	 43 	 1.93550e-10 	 1000 	 26.05610
2 	 14 	 43 	 1.32293e-11 	 1000 	 1.30288	2 	 14 	 43 	 5.47597e+01 	 7 	 0.03788	2 	 14 	 43 	 1.27277e-10 	 1000 	 24.12022
3 	 14 	 43 	 2.07509e-07 	 1000 	 1.32072	3 	 14 	 43 	 2.12158e+04 	 3 	 0.02748	3 	 14 	 43 	 2.08043e-07 	 1000 	 24.88386
4 	 14 	 43 	 1.35999e+00 	 52 	 0.05503	4 	 14 	 43 	 1.15832e+03 	 1 	 0.04276	4 	 14 	 43 	 1.35909e+00 	 209 	 5.05929
5 	 14 	 43 	 1.34037e-10 	 1000 	 1.28646	5 	 14 	 43 	 7.88108e+01 	 15 	 0.07920	5 	 14 	 43 	 2.65151e-11 	 1000 	 25.44545
6 	 14 	 43 	 1.15990e-09 	 1000 	 1.39950	6 	 14 	 43 	 1.26160e-09 	 1000 	 4.57259	6 	 14 	 43 	 1.16742e-09 	 1000 	 25.42226
7 	 14 	 43 	 7.10077e+00 	 105 	 0.11838	7 	 14 	 43 	 1.34275e+04 	 4 	 0.04266	7 	 14 	 43 	 7.10065e+00 	 1000 	 23.93559
8 	 14 	 43 	 6.55640e-11 	 1000 	 1.32390	8 	 14 	 43 	 6.52504e-11 	 1000 	 4.48776	8 	 14 	 43 	 6.87142e-11 	 1000 	 24.79087
9 	 14 	 43 	 1.09746e-09 	 1000 	 1.30521	9 	 14 	 43 	 9.04280e+01 	 1 	 0.03700	9 	 14 	 43 	 2.86993e-10 	 1000 	 23.86570
10 	 14 	 43 	 3.18613e-09 	 1000 	 1.31923	10 	 14 	 43 	 1.73091e+02 	 2 	 0.03805	10 	 14 	 43 	 6.61256e-09 	 1000 	 24.72673
0 	 15 	 46 	 6.51890e-11 	 1000 	 1.37210	0 	 15 	 46 	 2.20436e+02 	 11 	 0.08326	0 	 15 	 46 	 8.31110e-11 	 1000 	 26.12210
1 	 15 	 46 	 1.57060e-10 	 1000 	 1.39333	1 	 15 	 46 	 1.57060e-10 	 1000 	 5.29052	1 	 15 	 46 	 1.31634e-10 	 1000 	 27.27422
2 	 15 	 46 	 3.32966e-11 	 1000 	 1.37755	2 	 15 	 46 	 5.23646e+01 	 7 	 0.02985	2 	 15 	 46 	 2.76736e-11 	 1000 	 29.58599
3 	 15 	 46 	 1.76690e-07 	 1000 	 1.37723	3 	 15 	 46 	 2.01000e+04 	 3 	 0.03053	3 	 15 	 46 	 1.64189e-07 	 1000 	 27.91163
4 	 15 	 46 	 1.37283e+00 	 1000 	 1.15442	4 	 15 	 46 	 1.17630e+03 	 1 	 0.04077	4 	 15 	 46 	 1.13474e-09 	 1000 	 26.77572
5 	 15 	 46 	 9.99253e-11 	 1000 	 1.83255	5 	 15 	 46 	 9.85651e-11 	 1000 	 5.11748	5 	 15 	 46 	 6.96872e-10 	 1000 	 28.13154
6 	 15 	 46 	 1.71762e-11 	 1000 	 1.41410	6 	 15 	 46 	 1.71925e-11 	 1000 	 5.11625	6 	 15 	 46 	 2.44163e-11 	 1000 	 26.39995
7 	 15 	 46 	 9.58378e-09 	 1000 	 1.42186	7 	 15 	 46 	 1.37851e+04 	 17 	 0.08683	7 	 15 	 46 	 5.08251e-09 	 1000 	 26.44047
8 	 15 	 46 	 1.38515e-10 	 1000 	 1.41656	8 	 15 	 46 	 1.39160e-10 	 1000 	 5.04163	8 	 15 	 46 	 1.22361e-10 	 1000 	 27.76974
9 	 15 	 46 	 5.29337e-09 	 1000 	 1.35681	9 	 15 	 46 	 9.59547e+01 	 92 	 0.43342	9 	 15 	 46 	 7.69268e-09 	 1000 	 27.66005
10 	 15 	 46 	 5.19268e-09 	 1000 	 1.40444	10 	 15 	 46 	 5.28254e-09 	 1000 	 5.14223	10 	 15 	 46 	 7.71696e-10 	 1000 	 26.31920
0 	 16 	 49 	 1.98136e-11 	 1000 	 1.44288	0 	 16 	 49 	 1.96416e-11 	 1000 	 5.71875	0 	 16 	 49 	 7.60129e-11 	 1000 	 30.00673
1 	 16 	 49 	 1.17478e-10 	 1000 	 1.56452	1 	 16 	 49 	 1.17478e-10 	 1000 	 6.04252	1 	 16 	 49 	 1.25716e-10 	 1000 	 30.37735
2 	 16 	 49 	 2.08526e-10 	 1000 	 1.51000	2 	 16 	 49 	 2.08523e-10 	 1000 	 5.96069	2 	 16 	 49 	 2.03387e-10 	 1000 	 30.41799
3 	 16 	 49 	 2.10634e-07 	 1000 	 1.42980	3 	 16 	 49 	 1.78927e+04 	 3 	 0.03585	3 	 16 	 49 	 2.10691e-07 	 1000 	 28.90549
4 	 16 	 49 	 1.31457e+00 	 1000 	 1.37663	4 	 16 	 49 	 1.15020e+03 	 1 	 0.03628	4 	 16 	 49 	 1.31443e+00 	 1000 	 24.75320
5 	 16 	 49 	 5.26329e-11 	 1000 	 1.46487	5 	 16 	 49 	 5.27511e-11 	 1000 	 5.89034	5 	 16 	 49 	 2.26360e-11 	 1000 	 29.51631
6 	 16 	 49 	 1.36513e-10 	 1000 	 1.43953	6 	 16 	 49 	 9.19395e+01 	 15 	 0.08474	6 	 16 	 49 	 3.99356e-10 	 1000 	 28.27670
7 	 16 	 49 	 5.49351e-09 	 1000 	 1.45994	7 	 16 	 49 	 5.51685e-09 	 1000 	 5.83105	7 	 16 	 49 	 5.43847e-09 	 1000 	 29.10211
8 	 16 	 49 	 1.14389e-09 	 1000 	 1.47726	8 	 16 	 49 	 1.94618e+02 	 12 	 0.08866	8 	 16 	 49 	 2.70705e-10 	 1000 	 28.64229
9 	 16 	 49 	 1.44584e-09 	 1000 	 1.51280	9 	 16 	 49 	 9.74744e+01 	 130 	 0.83642	9 	 16 	 49 	 8.46798e-09 	 1000 	 28.54099
10 	 16 	 49 	 5.24989e-09 	 1000 	 1.43347	10 	 16 	 49 	 6.00305e-09 	 1000 	 5.68868	10 	 16 	 49 	 2.15957e-09 	 1000 	 23.38602
0 	 17 	 52 	 9.98398e-12 	 1000 	 1.49377	0 	 17 	 52 	 1.00997e-11 	 1000 	 6.09591	0 	 17 	 52 	 1.44843e-09 	 1000 	 30.45376
1 	 17 	 52 	 4.91263e-10 	 1000 	 1.53228	1 	 17 	 52 	 4.99097e-10 	 1000 	 6.08855	1 	 17 	 52 	 7.77779e-10 	 1000 	 32.48881
2 	 17 	 52 	 1.46355e-10 	 1000 	 1.55041	2 	 17 	 52 	 1.46355e-10 	 1000 	 6.20599	2 	 17 	 52 	 1.45914e-10 	 1000 	 32.85041
3 	 17 	 52 	 5.75571e-07 	 1000 	 1.51722	3 	 17 	 52 	 1.75452e+04 	 3 	 0.04006	3 	 17 	 52 	 1.88933e-07 	 1000 	 32.41863
4 	 17 	 52 	 1.74923e-10 	 1000 	 1.46091	4 	 17 	 52 	 1.02502e+03 	 1 	 0.03449	4 	 17 	 52 	 4.92852e-11 	 1000 	 31.88079
5 	 17 	 52 	 8.17801e-11 	 1000 	 1.51260	5 	 17 	 52 	 8.15051e-11 	 1000 	 6.10617	5 	 17 	 52 	 4.15156e-11 	 1000 	 32.36436
6 	 17 	 52 	 6.31301e-13 	 1000 	 1.55010	6 	 17 	 52 	 6.31278e-13 	 1000 	 6.19247	6 	 17 	 52 	 6.89950e-12 	 1000 	 34.09671
7 	 17 	 52 	 5.82206e-07 	 1000 	 1.55458	7 	 17 	 52 	 5.90147e-07 	 1000 	 6.19559	7 	 17 	 52 	 6.95265e-07 	 1000 	 32.62630
8 	 17 	 52 	 8.11766e-11 	 1000 	 1.50397	8 	 17 	 52 	 1.74760e+02 	 9 	 0.03752	8 	 17 	 52 	 4.80412e-11 	 1000 	 31.98655
9 	 17 	 52 	 6.87725e-11 	 1000 	 1.52384	9 	 17 	 52 	 1.49440e+02 	 43 	 0.22917	9 	 17 	 52 	 3.95665e-10 	 1000 	 31.68759
10 	 17 	 52 	 9.83575e-08 	 1000 	 1.25335	10 	 17 	 52 	 7.42779e+01 	 3 	 0.03907	10 	 17 	 52 	 1.58178e-08 	 1000 	 28.53400
0 	 18 	 55 	 1.27360e-11 	 1000 	 1.56722	0 	 18 	 55 	 1.27361e-11 	 1000 	 6.74212	0 	 18 	 55 	 1.29105e-11 	 1000 	 34.65050
1 	 18 	 55 	 3.69643e-10 	 1000 	 1.51827	1 	 18 	 55 	 3.64040e-10 	 1000 	 6.69654	1 	 18 	 55 	 1.51198e-09 	 1000 	 36.01324
2 	 18 	 55 	 1.29202e-11 	 1000 	 1.64281	2 	 18 	 55 	 1.29881e-11 	 1000 	 6.71910	2 	 18 	 55 	 3.45628e-11 	 1000 	 33.83513
3 	 18 	 55 	 7.93551e-08 	 1000 	 1.56529	3 	 18 	 55 	 1.55885e+04 	 4 	 0.03646	3 	 18 	 55 	 3.70655e-08 	 1000 	 36.48936
4 	 18 	 55 	 8.31178e-09 	 1000 	 1.57955	4 	 18 	 55 	 8.49812e+02 	 1 	 0.03964	4 	 18 	 55 	 7.49592e-09 	 1000 	 32.85653
5 	 18 	 55 	 6.22629e-11 	 1000 	 1.55027	5 	 18 	 55 	 6.19190e+01 	 4 	 0.03569	5 	 18 	 55 	 1.28469e-10 	 1000 	 32.86783
6 	 18 	 55 	 4.54642e-11 	 1000 	 1.56637	6 	 18 	 55 	 4.54642e-11 	 1000 	 6.91377	6 	 18 	 55 	 4.54980e-11 	 1000 	 35.48271
7 	 18 	 55 	 6.16698e-08 	 1000 	 1.51930	7 	 18 	 55 	 1.32418e-07 	 1000 	 6.45727	7 	 18 	 55 	 1.01172e-07 	 1000 	 32.98545
8 	 18 	 55 	 4.05200e-10 	 1000 	 1.49107	8 	 18 	 55 	 4.90151e-10 	 1000 	 6.62104	8 	 18 	 55 	 6.68099e-11 	 1000 	 34.91369
9 	 18 	 55 	 3.63193e-09 	 1000 	 1.50658	9 	 18 	 55 	 1.99581e+02 	 85 	 0.49224	9 	 18 	 55 	 1.08310e-09 	 1000 	 34.54672
10 	 18 	 55 	 7.13238e-09 	 1000 	 1.47716	10 	 18 	 55 	 8.56237e+01 	 1 	 0.03238	10 	 18 	 55 	 5.93197e-11 	 1000 	 34.67696
0 	 19 	 58 	 6.35771e-12 	 1000 	 1.60210	0 	 19 	 58 	 5.63945e-12 	 1000 	 7.54061	0 	 19 	 58 	 1.19961e-11 	 1000 	 37.48859
1 	 19 	 58 	 5.58008e-10 	 1000 	 1.52406	1 	 19 	 58 	 5.59274e-10 	 1000 	 7.39864	1 	 19 	 58 	 1.50103e-09 	 1000 	 35.01746
2 	 19 	 58 	 5.47944e-10 	 1000 	 1.51954	2 	 19 	 58 	 3.70905e+01 	 2 	 0.03527	2 	 19 	 58 	 3.12477e-12 	 1000 	 37.54599
3 	 19 	 58 	 3.47908e-07 	 1000 	 1.52037	3 	 19 	 58 	 1.42767e+04 	 3 	 0.03172	3 	 19 	 58 	 2.88621e-07 	 1000 	 37.95489
4 	 19 	 58 	 1.36943e-09 	 1000 	 1.56926	4 	 19 	 58 	 7.56428e+02 	 1 	 0.04138	4 	 19 	 58 	 1.95904e-09 	 1000 	 36.72506
5 	 19 	 58 	 3.45265e-10 	 1000 	 1.60701	5 	 19 	 58 	 5.93437e+01 	 4 	 0.03710	5 	 19 	 58 	 2.10947e-10 	 1000 	 36.44907
6 	 19 	 58 	 4.16171e-12 	 1000 	 1.60145	6 	 19 	 58 	 4.15214e-12 	 1000 	 7.40852	6 	 19 	 58 	 1.03686e-10 	 1000 	 37.64146
7 	 19 	 58 	 5.06706e-09 	 1000 	 1.54796	7 	 19 	 58 	 4.94835e-09 	 1000 	 7.42672	7 	 19 	 58 	 5.83552e-08 	 1000 	 36.93224
8 	 19 	 58 	 3.55821e-10 	 1000 	 1.60315	8 	 19 	 58 	 3.33359e-10 	 1000 	 7.45748	8 	 19 	 58 	 8.54938e-10 	 1000 	 38.26176
9 	 19 	 58 	 1.22036e-09 	 1000 	 1.55267	9 	 19 	 58 	 2.30562e+02 	 53 	 0.29174	9 	 19 	 58 	 1.09048e-09 	 1000 	 34.62922
10 	 19 	 58 	 2.19299e-10 	 1000 	 1.52311	10 	 19 	 58 	 8.79436e+01 	 5 	 0.02823	10 	 19 	 58 	 1.88272e-10 	 1000 	 38.65253
0 	 20 	 61 	 3.31196e-11 	 1000 	 1.56119	0 	 20 	 61 	 3.52727e-11 	 1000 	 8.04158	0 	 20 	 61 	 8.32061e-11 	 1000 	 39.97229
1 	 20 	 61 	 3.05754e-11 	 1000 	 1.55231	1 	 20 	 61 	 3.05754e-11 	 1000 	 8.16401	1 	 20 	 61 	 3.05743e-11 	 1000 	 40.97958
2 	 20 	 61 	 1.04738e-10 	 1000 	 1.53221	2 	 20 	 61 	 3.58824e-10 	 1000 	 7.86576	2 	 20 	 61 	 4.49973e-10 	 1000 	 40.38167
3 	 20 	 61 	 6.48167e-09 	 1000 	 1.53163	3 	 20 	 61 	 3.35139e+04 	 3 	 0.03692	3 	 20 	 61 	 7.55134e-10 	 1000 	 38.16798
4 	 20 	 61 	 7.60980e-10 	 1000 	 1.54133	4 	 20 	 61 	 7.78476e+02 	 1 	 0.03576	4 	 20 	 61 	 1.89017e-10 	 1000 	 38.77780
5 	 20 	 61 	 1.92444e-11 	 1000 	 1.54700	5 	 20 	 61 	 1.92444e-11 	 1000 	 8.30018	5 	 20 	 61 	 1.93177e-11 	 1000 	 41.08780
6 	 20 	 61 	 1.27480e-11 	 1000 	 1.51996	6 	 20 	 61 	 1.27345e-11 	 1000 	 7.97635	6 	 20 	 61 	 2.55660e-12 	 1000 	 41.11789
7 	 20 	 61 	 2.17169e-09 	 1000 	 1.50254	7 	 20 	 61 	 2.95911e-09 	 1000 	 7.78040	7 	 20 	 61 	 2.65711e-09 	 1000 	 39.99463
8 	 20 	 61 	 1.88774e-11 	 1000 	 1.55980	8 	 20 	 61 	 1.69716e-11 	 1000 	 8.17479	8 	 20 	 61 	 4.16442e-11 	 1000 	 41.69309
9 	 20 	 61 	 3.06680e-09 	 1000 	 1.53576	9 	 20 	 61 	 2.66223e+02 	 53 	 0.33626	9 	 20 	 61 	 7.46345e-08 	 1000 	 27.93508
10 	 20 	 61 	 5.58939e-10 	 1000 	 1.48928	10 	 20 	 61 	 4.86311e-10 	 1000 	 7.54630	10 	 20 	 61 	 4.00583e-10 	 1000 	 38.85954
0 	 21 	 64 	 2.26285e-10 	 1000 	 1.52089	0 	 21 	 64 	 2.67412e+02 	 268 	 1.97954	0 	 21 	 64 	 2.18691e-10 	 1000 	 41.45717
1 	 21 	 64 	 5.56785e-11 	 1000 	 1.62891	1 	 21 	 64 	 5.56774e-11 	 1000 	 8.46582	1 	 21 	 64 	 3.25119e-11 	 1000 	 44.00398
2 	 21 	 64 	 7.11133e-10 	 1000 	 1.56209	2 	 21 	 64 	 3.96532e+01 	 5 	 0.03539	2 	 21 	 64 	 1.35768e-11 	 1000 	 42.36731
3 	 21 	 64 	 1.81843e-08 	 1000 	 1.57550	3 	 21 	 64 	 2.65782e+04 	 3 	 0.04039	3 	 21 	 64 	 1.84965e-09 	 1000 	 41.84583
4 	 21 	 64 	 2.70099e-11 	 1000 	 1.61320	4 	 21 	 64 	 7.80870e+02 	 1 	 0.03585	4 	 21 	 64 	 3.51353e-11 	 1000 	 41.02503
5 	 21 	 64 	 1.01633e-11 	 1000 	 1.64825	5 	 21 	 64 	 3.71078e-12 	 1000 	 8.23253	5 	 21 	 64 	 7.33121e-12 	 1000 	 44.25964
6 	 21 	 64 	 3.65216e-11 	 1000 	 1.70721	6 	 21 	 64 	 3.65215e-11 	 1000 	 8.60553	6 	 21 	 64 	 2.97677e-11 	 1000 	 43.20497
7 	 21 	 64 	 5.16575e-10 	 1000 	 1.57553	7 	 21 	 64 	 4.76396e-10 	 1000 	 8.07494	7 	 21 	 64 	 1.17445e-09 	 1000 	 40.49826
8 	 21 	 64 	 5.62538e-11 	 1000 	 1.59809	8 	 21 	 64 	 5.62051e-11 	 1000 	 8.14445	8 	 21 	 64 	 3.90448e-11 	 1000 	 42.85536
9 	 21 	 64 	 1.23017e-09 	 1000 	 1.65431	9 	 21 	 64 	 3.73431e+02 	 547 	 4.28281	9 	 21 	 64 	 2.00531e-10 	 1000 	 41.77631
10 	 21 	 64 	 4.77365e-10 	 1000 	 1.64154	10 	 21 	 64 	 8.60319e+01 	 118 	 0.73718	10 	 21 	 64 	 6.57639e-10 	 1000 	 40.56500
0 	 22 	 67 	 1.65739e-09 	 1000 	 1.71064	0 	 22 	 67 	 2.55347e+02 	 7 	 0.03447	0 	 22 	 67 	 5.40735e-10 	 1000 	 46.54769
1 	 22 	 67 	 1.68819e-11 	 1000 	 1.68890	1 	 22 	 67 	 1.68818e-11 	 1000 	 9.03557	1 	 22 	 67 	 2.10134e-11 	 1000 	 46.35780
2 	 22 	 67 	 1.00611e-09 	 1000 	 1.66397	2 	 22 	 67 	 3.69302e+01 	 127 	 0.98966	2 	 22 	 67 	 1.25466e-09 	 1000 	 45.60861
3 	 22 	 67 	 1.93871e-09 	 1000 	 1.68673	3 	 22 	 67 	 2.50675e+04 	 3 	 0.04048	3 	 22 	 67 	 5.74138e-10 	 1000 	 44.28509
4 	 22 	 67 	 2.01238e-10 	 1000 	 1.69284	4 	 22 	 67 	 7.83577e+02 	 1 	 0.03713	4 	 22 	 67 	 1.75052e-10 	 1000 	 44.53403
5 	 22 	 67 	 4.67838e-10 	 1000 	 1.63047	5 	 22 	 67 	 5.72032e+01 	 1 	 0.04033	5 	 22 	 67 	 1.14640e-10 	 1000 	 43.16676
6 	 22 	 67 	 3.14025e-11 	 1000 	 1.68746	6 	 22 	 67 	 3.14025e-11 	 1000 	 9.17317	6 	 22 	 67 	 9.19954e-11 	 1000 	 44.95516
7 	 22 	 67 	 1.88731e-08 	 1000 	 1.68978	7 	 22 	 67 	 3.92651e+04 	 2 	 0.03975	7 	 22 	 67 	 5.05132e-07 	 1000 	 43.58944
8 	 22 	 67 	 3.65809e-11 	 1000 	 1.71629	8 	 22 	 67 	 3.07890e+02 	 16 	 0.09025	8 	 22 	 67 	 1.59536e-10 	 1000 	 45.57722
9 	 22 	 67 	 4.91547e-09 	 1000 	 2.27787	9 	 22 	 67 	 2.80779e+02 	 7 	 0.03532	9 	 22 	 67 	 1.18934e-09 	 1000 	 43.95816
10 	 22 	 67 	 3.28564e-09 	 1000 	 1.62111	10 	 22 	 67 	 3.07514e-09 	 1000 	 8.43772	10 	 22 	 67 	 2.06154e-10 	 1000 	 43.52912
0 	 23 	 70 	 1.37759e-08 	 1000 	 1.79410	0 	 23 	 70 	 2.42078e+02 	 5 	 0.03665	0 	 23 	 70 	 4.45058e-09 	 1000 	 44.85637
1 	 23 	 70 	 2.14363e-12 	 1000 	 1.73611	1 	 23 	 70 	 2.15803e-12 	 1000 	 9.91198	1 	 23 	 70 	 5.22427e-12 	 1000 	 48.77413
2 	 23 	 70 	 1.92715e-12 	 1000 	 1.77802	2 	 23 	 70 	 3.03267e-12 	 1000 	 9.83570	2 	 23 	 70 	 2.24077e-11 	 1000 	 48.32920
3 	 23 	 70 	 4.62633e-09 	 1000 	 1.90418	3 	 23 	 70 	 2.32303e+04 	 3 	 0.03955	3 	 23 	 70 	 1.26841e-08 	 1000 	 47.28556
4 	 23 	 70 	 1.11363e-10 	 1000 	 1.91339	4 	 23 	 70 	 7.78810e+02 	 5 	 0.03427	4 	 23 	 70 	 1.39800e-10 	 1000 	 49.51232
5 	 23 	 70 	 1.59389e-11 	 1000 	 1.89021	5 	 23 	 70 	 5.86812e+01 	 1 	 0.04134	5 	 23 	 70 	 1.55964e-11 	 1000 	 48.95255
6 	 23 	 70 	 2.44849e-11 	 1000 	 1.81505	6 	 23 	 70 	 3.25294e-11 	 1000 	 9.96704	6 	 23 	 70 	 8.85889e-11 	 1000 	 49.03215
7 	 23 	 70 	 1.94810e-09 	 1000 	 1.81903	7 	 23 	 70 	 3.89519e+04 	 42 	 0.29481	7 	 23 	 70 	 3.93870e-09 	 1000 	 48.12321
8 	 23 	 70 	 6.47982e-11 	 1000 	 1.79826	8 	 23 	 70 	 3.09861e+02 	 31 	 0.23297	8 	 23 	 70 	 5.10616e-11 	 1000 	 47.22660
9 	 23 	 70 	 7.68276e-11 	 1000 	 1.75427	9 	 23 	 70 	 2.72274e+02 	 1 	 0.03751	9 	 23 	 70 	 1.47318e-10 	 1000 	 47.62706
10 	 23 	 70 	 3.59261e-10 	 1000 	 1.72206	10 	 23 	 70 	 6.98722e-10 	 1000 	 9.68624	10 	 23 	 70 	 5.03911e-10 	 1000 	 46.31168
0 	 24 	 73 	 3.75962e-11 	 1000 	 1.79685	0 	 24 	 73 	 3.74601e-11 	 1000 	 10.74286	0 	 24 	 73 	 4.37085e-11 	 1000 	 52.16967
1 	 24 	 73 	 9.50934e-12 	 1000 	 1.80788	1 	 24 	 73 	 9.50934e-12 	 1000 	 10.79380	1 	 24 	 73 	 9.54728e-12 	 1000 	 52.65177
2 	 24 	 73 	 2.76442e-09 	 1000 	 1.91949	2 	 24 	 73 	 4.31313e+01 	 42 	 0.38636	2 	 24 	 73 	 2.22229e-09 	 1000 	 47.46011
3 	 24 	 73 	 3.19758e-09 	 1000 	 1.86508	3 	 24 	 73 	 2.15575e+04 	 3 	 0.03131	3 	 24 	 73 	 2.82455e-08 	 1000 	 44.49720
4 	 24 	 73 	 1.98736e-10 	 1000 	 1.82021	4 	 24 	 73 	 7.97897e+02 	 4 	 0.03980	4 	 24 	 73 	 2.19346e-10 	 1000 	 46.10391
5 	 24 	 73 	 1.05567e-01 	 1000 	 1.67903	5 	 24 	 73 	 5.84440e+01 	 1 	 0.03698	5 	 24 	 73 	 1.29668e+00 	 1000 	 36.75846
6 	 24 	 73 	 1.65144e-11 	 1000 	 1.79988	6 	 24 	 73 	 1.62984e-11 	 1000 	 10.86168	6 	 24 	 73 	 1.04724e-11 	 1000 	 51.59950
7 	 24 	 73 	 1.36052e-09 	 1000 	 1.82140	7 	 24 	 73 	 1.51935e-09 	 1000 	 10.43277	7 	 24 	 73 	 1.03035e-10 	 1000 	 51.15774
8 	 24 	 73 	 9.00941e-12 	 1000 	 1.97650	8 	 24 	 73 	 3.05733e+02 	 17 	 0.14188	8 	 24 	 73 	 2.91432e-11 	 1000 	 49.90353
9 	 24 	 73 	 5.84442e-11 	 1000 	 2.04156	9 	 24 	 73 	 2.65856e+02 	 1 	 0.04117	9 	 24 	 73 	 5.93368e-11 	 1000 	 51.81233
10 	 24 	 73 	 3.40841e-10 	 1000 	 2.22450	10 	 24 	 73 	 2.28947e-10 	 1000 	 10.18369	10 	 24 	 73 	 4.70588e-10 	 1000 	 49.82444
0 	 25 	 76 	 7.21379e-11 	 1000 	 2.37579	0 	 25 	 76 	 7.24869e-11 	 1000 	 11.18186	0 	 25 	 76 	 5.86244e-11 	 1000 	 54.91962
1 	 25 	 76 	 1.25200e-11 	 1000 	 2.56913	1 	 25 	 76 	 2.13796e+02 	 10 	 0.09274	1 	 25 	 76 	 1.17996e-11 	 1000 	 55.00870
2 	 25 	 76 	 1.98142e-11 	 1000 	 2.75272	2 	 25 	 76 	 2.68482e-11 	 1000 	 11.08508	2 	 25 	 76 	 4.05532e-12 	 1000 	 56.51109
3 	 25 	 76 	 1.54443e-08 	 1000 	 2.78598	3 	 25 	 76 	 2.98179e+04 	 3 	 0.03906	3 	 25 	 76 	 2.02275e-09 	 1000 	 52.82044
4 	 25 	 76 	 3.98184e-09 	 1000 	 2.84994	4 	 25 	 76 	 7.91540e+02 	 5 	 0.03448	4 	 25 	 76 	 1.31126e+00 	 260 	 9.71486
5 	 25 	 76 	 1.47807e-10 	 1000 	 2.61366	5 	 25 	 76 	 5.77392e+01 	 4 	 0.04276	5 	 25 	 76 	 7.24876e-11 	 1000 	 53.73923
6 	 25 	 76 	 1.86972e-11 	 1000 	 1.92889	6 	 25 	 76 	 1.84479e-11 	 1000 	 11.11528	6 	 25 	 76 	 6.76182e-12 	 1000 	 55.11341
7 	 25 	 76 	 1.96457e-08 	 1000 	 1.84549	7 	 25 	 76 	 3.23355e+04 	 5 	 0.04131	7 	 25 	 76 	 1.93220e-08 	 1000 	 53.49801
8 	 25 	 76 	 7.91410e-13 	 1000 	 1.87614	8 	 25 	 76 	 7.56296e-13 	 1000 	 11.31583	8 	 25 	 76 	 2.31327e-12 	 1000 	 54.57409
9 	 25 	 76 	 2.00906e-10 	 1000 	 1.88743	9 	 25 	 76 	 2.53095e+02 	 1 	 0.02976	9 	 25 	 76 	 1.59965e-10 	 1000 	 55.36492
10 	 25 	 76 	 8.61267e-10 	 1000 	 1.95706	10 	 25 	 76 	 7.76598e+01 	 173 	 1.38999	10 	 25 	 76 	 3.07317e-10 	 1000 	 49.65689
0 	 26 	 79 	 1.57972e-09 	 1000 	 1.96738	0 	 26 	 79 	 1.65785e+02 	 182 	 2.23738	0 	 26 	 79 	 9.87138e-10 	 1000 	 56.88310
1 	 26 	 79 	 1.04521e-10 	 1000 	 1.96478	1 	 26 	 79 	 1.04665e-10 	 1000 	 12.11504	1 	 26 	 79 	 1.27940e-11 	 1000 	 58.36468
2 	 26 	 79 	 1.84471e-11 	 1000 	 1.98802	2 	 26 	 79 	 5.20770e+01 	 22 	 0.18293	2 	 26 	 79 	 7.02754e-12 	 1000 	 57.95526
3 	 26 	 79 	 4.59747e-10 	 1000 	 2.04985	3 	 26 	 79 	 2.78659e+04 	 3 	 0.04208	3 	 26 	 79 	 1.60687e-09 	 1000 	 56.27274
4 	 26 	 79 	 2.83035e-10 	 1000 	 2.04387	4 	 26 	 79 	 7.86448e+02 	 5 	 0.03139	4 	 26 	 79 	 2.17666e-11 	 1000 	 57.36751
5 	 26 	 79 	 2.31722e-10 	 1000 	 1.99380	5 	 26 	 79 	 5.61252e+01 	 4 	 0.04069	5 	 26 	 79 	 3.40826e-10 	 1000 	 56.27674
6 	 26 	 79 	 8.33204e-12 	 1000 	 1.88975	6 	 26 	 79 	 8.30084e-12 	 1000 	 11.73548	6 	 26 	 79 	 6.57311e-12 	 1000 	 57.66010
7 	 26 	 79 	 2.20719e-09 	 1000 	 1.84155	7 	 26 	 79 	 1.34637e-08 	 1000 	 11.98150	7 	 26 	 79 	 2.88118e-09 	 1000 	 54.53982
8 	 26 	 79 	 5.20907e-11 	 1000 	 1.89234	8 	 26 	 79 	 8.11177e-11 	 1000 	 11.71321	8 	 26 	 79 	 4.74828e-11 	 1000 	 58.23391
9 	 26 	 79 	 8.55930e-10 	 1000 	 2.03855	9 	 26 	 79 	 3.53917e+02 	 1 	 0.03841	9 	 26 	 79 	 6.02021e-10 	 1000 	 59.10681
10 	 26 	 79 	 8.97442e-10 	 1000 	 2.01249	10 	 26 	 79 	 1.03114e+02 	 7 	 0.05293	10 	 26 	 79 	 1.12802e-11 	 1000 	 59.20008
0 	 27 	 82 	 3.96554e-10 	 1000 	 2.00165	0 	 27 	 82 	 3.96549e-10 	 1000 	 13.01526	0 	 27 	 82 	 1.75165e-09 	 1000 	 60.45255
1 	 27 	 82 	 1.92016e-10 	 1000 	 2.03303	1 	 27 	 82 	 1.92016e-10 	 1000 	 13.03291	1 	 27 	 82 	 1.63404e-12 	 1000 	 63.25218
2 	 27 	 82 	 6.57683e-10 	 1000 	 2.00738	2 	 27 	 82 	 6.88975e-10 	 1000 	 12.74412	2 	 27 	 82 	 1.94247e-10 	 1000 	 62.04921
3 	 27 	 82 	 1.18800e+01 	 1000 	 1.83471	3 	 27 	 82 	 2.59668e+04 	 3 	 0.03773	3 	 27 	 82 	 3.18178e-07 	 1000 	 60.59951
4 	 27 	 82 	 2.96209e-12 	 1000 	 1.99474	4 	 27 	 82 	 7.79580e+02 	 1 	 0.03981	4 	 27 	 82 	 2.41221e-12 	 1000 	 62.55532
5 	 27 	 82 	 9.27455e-10 	 1000 	 1.98679	5 	 27 	 82 	 5.62526e+01 	 4 	 0.03926	5 	 27 	 82 	 2.68526e-09 	 1000 	 55.45687
6 	 27 	 82 	 1.32396e-11 	 1000 	 1.96927	6 	 27 	 82 	 1.32435e-11 	 1000 	 12.83939	6 	 27 	 82 	 2.19975e-11 	 1000 	 62.09227
7 	 27 	 82 	 6.66361e-08 	 1000 	 1.92963	7 	 27 	 82 	 1.17897e-07 	 1000 	 12.69985	7 	 27 	 82 	 2.77094e-07 	 1000 	 60.50200
8 	 27 	 82 	 2.03922e-11 	 1000 	 1.93238	8 	 27 	 82 	 2.92692e+02 	 10 	 0.07954	8 	 27 	 82 	 1.38877e-11 	 1000 	 61.82846
9 	 27 	 82 	 3.27944e-10 	 1000 	 1.97714	9 	 27 	 82 	 3.80007e+02 	 1 	 0.03787	9 	 27 	 82 	 1.34328e-11 	 1000 	 62.16087
10 	 27 	 82 	 5.35577e-11 	 1000 	 2.08636	10 	 27 	 82 	 9.46415e+01 	 28 	 0.24005	10 	 27 	 82 	 1.96301e-11 	 1000 	 61.09744
0 	 28 	 85 	 6.27213e-11 	 1000 	 2.08247	0 	 28 	 85 	 6.40055e-11 	 1000 	 13.42527	0 	 28 	 85 	 9.12940e-11 	 1000 	 63.54244
1 	 28 	 85 	 3.24348e-11 	 1000 	 2.07349	1 	 28 	 85 	 3.24366e-11 	 1000 	 13.79013	1 	 28 	 85 	 2.85583e-11 	 1000 	 60.01787
2 	 28 	 85 	 3.19822e-12 	 1000 	 2.06952	2 	 28 	 85 	 2.39638e-12 	 1000 	 13.72379	2 	 28 	 85 	 3.84008e-12 	 1000 	 65.34921
3 	 28 	 85 	 1.10052e-08 	 1000 	 2.08889	3 	 28 	 85 	 2.65358e+04 	 3 	 0.04182	3 	 28 	 85 	 2.81626e-08 	 1000 	 63.74784
4 	 28 	 85 	 3.87470e-11 	 1000 	 2.13459	4 	 28 	 85 	 5.94748e+02 	 4 	 0.09131	4 	 28 	 85 	 2.99478e-11 	 1000 	 65.10214
5 	 28 	 85 	 5.37782e-11 	 1000 	 2.08423	5 	 28 	 85 	 5.70580e+01 	 4 	 0.03531	5 	 28 	 85 	 2.87724e-08 	 1000 	 48.26029
6 	 28 	 85 	 1.56954e-11 	 1000 	 2.00115	6 	 28 	 85 	 1.57386e-11 	 1000 	 13.58794	6 	 28 	 85 	 8.01286e-12 	 1000 	 66.10420
7 	 28 	 85 	 3.34772e-07 	 1000 	 1.75604	7 	 28 	 85 	 1.05113e-07 	 1000 	 12.88763	7 	 28 	 85 	 6.19568e-09 	 1000 	 60.15462
8 	 28 	 85 	 1.91170e-11 	 1000 	 2.04847	8 	 28 	 85 	 2.91227e+02 	 10 	 0.09165	8 	 28 	 85 	 2.24954e-11 	 1000 	 66.16053
9 	 28 	 85 	 2.59512e-10 	 1000 	 2.24651	9 	 28 	 85 	 2.63731e+02 	 1 	 0.03878	9 	 28 	 85 	 1.76659e-10 	 1000 	 68.70680
10 	 28 	 85 	 2.25141e-10 	 1000 	 2.11030	10 	 28 	 85 	 2.21503e-10 	 1000 	 13.34101	10 	 28 	 85 	 2.27205e-10 	 1000 	 64.44593
0 	 29 	 88 	 2.68075e-10 	 1000 	 2.09682	0 	 29 	 88 	 1.86449e+02 	 20 	 0.18388	0 	 29 	 88 	 4.16010e-10 	 1000 	 66.37502
1 	 29 	 88 	 8.36064e-11 	 1000 	 2.10915	1 	 29 	 88 	 8.36064e-11 	 1000 	 14.26569	1 	 29 	 88 	 8.22359e-11 	 1000 	 72.15998
2 	 29 	 88 	 2.46856e-11 	 1000 	 2.18216	2 	 29 	 88 	 2.47199e-11 	 1000 	 13.92711	2 	 29 	 88 	 2.06221e-12 	 1000 	 69.40488
3 	 29 	 88 	 3.89153e-08 	 1000 	 2.03178	3 	 29 	 88 	 2.43663e+04 	 3 	 0.03930	3 	 29 	 88 	 2.80916e-07 	 1000 	 66.71143
4 	 29 	 88 	 6.80590e-11 	 1000 	 2.11727	4 	 29 	 88 	 5.95820e+02 	 5 	 0.04480	4 	 29 	 88 	 5.77709e-11 	 1000 	 68.43919
5 	 29 	 88 	 9.02032e-10 	 1000 	 2.14028	5 	 29 	 88 	 5.92608e+01 	 4 	 0.03688	5 	 29 	 88 	 4.16223e-10 	 1000 	 64.59918
6 	 29 	 88 	 2.63027e-11 	 1000 	 2.18073	6 	 29 	 88 	 2.62594e-11 	 1000 	 13.93816	6 	 29 	 88 	 1.41278e-11 	 1000 	 68.45132
7 	 29 	 88 	 2.27531e-09 	 1000 	 2.14904	7 	 29 	 88 	 1.59899e-09 	 1000 	 13.71685	7 	 29 	 88 	 9.28283e-11 	 1000 	 64.74843
8 	 29 	 88 	 9.26787e-12 	 1000 	 2.11565	8 	 29 	 88 	 6.06557e-12 	 1000 	 14.07758	8 	 29 	 88 	 7.37701e-12 	 1000 	 54.70076
9 	 29 	 88 	 2.34051e-11 	 1000 	 2.10264	9 	 29 	 88 	 2.28994e+02 	 1 	 0.03395	9 	 29 	 88 	 1.67707e-11 	 1000 	 68.16875
10 	 29 	 88 	 3.02616e-10 	 1000 	 2.02474	10 	 29 	 88 	 2.41632e-10 	 1000 	 13.37004	10 	 29 	 88 	 9.92935e-06 	 1000 	 51.66057
0 	 30 	 91 	 6.23628e-12 	 1000 	 2.06153	0 	 30 	 91 	 1.31955e-11 	 1000 	 13.88261	0 	 30 	 91 	 1.46221e-11 	 1000 	 68.67607
1 	 30 	 91 	 2.29634e-11 	 1000 	 2.14321	1 	 30 	 91 	 1.55143e+02 	 39 	 0.48393	1 	 30 	 91 	 2.62987e-11 	 1000 	 72.42269
2 	 30 	 91 	 5.27357e-12 	 1000 	 2.16405	2 	 30 	 91 	 5.79338e+01 	 6 	 0.08105	2 	 30 	 91 	 3.71542e-12 	 1000 	 74.85959
3 	 30 	 91 	 2.10178e-08 	 1000 	 2.14230	3 	 30 	 91 	 1.41232e+04 	 4 	 0.03835	3 	 30 	 91 	 1.34592e+01 	 1000 	 67.18107
4 	 30 	 91 	 7.55227e-11 	 1000 	 2.19196	4 	 30 	 91 	 7.16625e+02 	 1 	 0.03858	4 	 30 	 91 	 1.95293e-10 	 1000 	 72.73764
5 	 30 	 91 	 3.75840e-11 	 1000 	 2.23223	5 	 30 	 91 	 5.89581e+01 	 2 	 0.03818	5 	 30 	 91 	 7.79859e-11 	 1000 	 69.04966
6 	 30 	 91 	 8.63369e-11 	 1000 	 2.16234	6 	 30 	 91 	 8.63369e-11 	 1000 	 14.43005	6 	 30 	 91 	 3.36576e-11 	 1000 	 73.42926
7 	 30 	 91 	 6.10146e-08 	 1000 	 2.17392	7 	 30 	 91 	 4.22816e+04 	 7 	 0.08179	7 	 30 	 91 	 2.72348e-08 	 1000 	 70.64469
8 	 30 	 91 	 1.12056e-11 	 1000 	 2.37049	8 	 30 	 91 	 2.16181e+02 	 11 	 0.08660	8 	 30 	 91 	 1.40865e-12 	 1000 	 71.61096
9 	 30 	 91 	 2.27088e-10 	 1000 	 2.26465	9 	 30 	 91 	 2.95438e+02 	 1 	 0.03420	9 	 30 	 91 	 2.36587e-09 	 1000 	 72.01144
10 	 30 	 91 	 9.27514e-10 	 1000 	 2.07282	10 	 30 	 91 	 7.37084e-10 	 1000 	 13.99050	10 	 30 	 91 	 2.55981e-10 	 1000 	 67.94108
0 	 31 	 94 	 3.56880e-10 	 1000 	 2.20307	0 	 31 	 94 	 1.85992e+02 	 31 	 0.34167	0 	 31 	 94 	 7.47210e-03 	 1000 	 65.17455
1 	 31 	 94 	 1.32677e-11 	 1000 	 2.24662	1 	 31 	 94 	 1.51311e+02 	 12 	 0.13385	1 	 31 	 94 	 1.29660e-11 	 1000 	 76.72195
2 	 31 	 94 	 2.83292e-12 	 1000 	 2.25502	2 	 31 	 94 	 5.62261e+01 	 6 	 0.08371	2 	 31 	 94 	 2.55858e-11 	 1000 	 75.34426
3 	 31 	 94 	 5.76584e-04 	 1000 	 2.25408	3 	 31 	 94 	 1.32498e+04 	 3 	 0.04027	3 	 31 	 94 	 1.09208e-07 	 1000 	 68.99524
4 	 31 	 94 	 9.01467e-12 	 1000 	 2.15826	4 	 31 	 94 	 7.73367e+02 	 1 	 0.03914	4 	 31 	 94 	 5.11913e-11 	 1000 	 74.36846
5 	 31 	 94 	 3.63114e-11 	 1000 	 2.46061	5 	 31 	 94 	 4.85631e+01 	 2 	 0.03876	5 	 31 	 94 	 1.12897e-11 	 1000 	 73.72797
6 	 31 	 94 	 9.18153e-11 	 1000 	 2.25615	6 	 31 	 94 	 1.01280e-10 	 1000 	 15.46373	6 	 31 	 94 	 5.89669e-11 	 1000 	 75.83599
7 	 31 	 94 	 1.24330e-09 	 1000 	 2.31775	7 	 31 	 94 	 5.05493e+04 	 669 	 10.54220	7 	 31 	 94 	 2.59431e-09 	 1000 	 71.57349
8 	 31 	 94 	 7.52181e-12 	 1000 	 2.26210	8 	 31 	 94 	 7.40421e-12 	 1000 	 15.95691	8 	 31 	 94 	 5.13207e-12 	 1000 	 75.49377
9 	 31 	 94 	 4.57426e-12 	 1000 	 2.25559	9 	 31 	 94 	 2.67395e+02 	 1 	 0.04009	9 	 31 	 94 	 4.11765e-11 	 1000 	 74.49412
10 	 31 	 94 	 2.56616e-11 	 1000 	 2.14350	10 	 31 	 94 	 3.57285e-11 	 1000 	 15.60271	10 	 31 	 94 	 2.82302e-11 	 1000 	 72.10721
0 	 32 	 97 	 5.27614e-11 	 1000 	 2.20703	0 	 32 	 97 	 5.25120e-11 	 1000 	 16.65737	0 	 32 	 97 	 4.70850e-11 	 1000 	 78.14910
1 	 32 	 97 	 1.61658e-11 	 1000 	 2.30233	1 	 32 	 97 	 9.08309e-12 	 1000 	 16.98024	1 	 32 	 97 	 6.94249e-12 	 1000 	 81.19284
2 	 32 	 97 	 3.78719e-11 	 1000 	 2.38656	2 	 32 	 97 	 3.78719e-11 	 1000 	 16.91888	2 	 32 	 97 	 2.55741e-11 	 1000 	 83.02129
3 	 32 	 97 	 7.38843e-09 	 1000 	 2.14259	3 	 32 	 97 	 1.55498e+04 	 4 	 0.04371	3 	 32 	 97 	 7.23170e-09 	 1000 	 78.99465
4 	 32 	 97 	 1.21929e-11 	 1000 	 2.36567	4 	 32 	 97 	 7.82445e+02 	 1 	 0.04461	4 	 32 	 97 	 1.35281e-11 	 1000 	 81.11515
5 	 32 	 97 	 3.00190e-11 	 1000 	 2.43489	5 	 32 	 97 	 4.93112e+01 	 2 	 0.03991	5 	 32 	 97 	 2.43808e-11 	 1000 	 83.90502
6 	 32 	 97 	 3.17525e-11 	 1000 	 2.32659	6 	 32 	 97 	 3.17520e-11 	 1000 	 16.82139	6 	 32 	 97 	 2.34689e-11 	 1000 	 84.57828
7 	 32 	 97 	 1.50030e-07 	 1000 	 2.20184	7 	 32 	 97 	 2.38309e-08 	 1000 	 13.42250	7 	 32 	 97 	 4.30244e-10 	 1000 	 81.21752
8 	 32 	 97 	 1.05089e-11 	 1000 	 2.20029	8 	 32 	 97 	 1.82119e+02 	 8 	 0.06942	8 	 32 	 97 	 1.24169e-11 	 1000 	 81.60560
9 	 32 	 97 	 7.92451e-09 	 1000 	 2.17263	9 	 32 	 97 	 2.85499e+02 	 1 	 0.03993	9 	 32 	 97 	 5.52767e-09 	 1000 	 82.87056
10 	 32 	 97 	 3.72713e-10 	 1000 	 2.28357	10 	 32 	 97 	 4.60762e-10 	 1000 	 16.05102	10 	 32 	 97 	 3.45116e-10 	 1000 	 82.11753
0 	 33 	 100 	 3.67936e-12 	 1000 	 2.34632	0 	 33 	 100 	 1.70176e+02 	 7 	 0.07214	0 	 33 	 100 	 2.99253e-10 	 1000 	 90.68380
1 	 33 	 100 	 2.11984e-11 	 1000 	 2.39635	1 	 33 	 100 	 2.11984e-11 	 1000 	 17.24466	1 	 33 	 100 	 1.66242e-11 	 1000 	 92.58863
2 	 33 	 100 	 4.65210e-13 	 1000 	 2.35781	2 	 33 	 100 	 7.63338e-13 	 1000 	 17.03113	2 	 33 	 100 	 3.55282e-11 	 1000 	 104.76901
3 	 33 	 100 	 4.55281e-08 	 1000 	 2.34747	3 	 33 	 100 	 1.49962e+04 	 4 	 0.04368	3 	 33 	 100 	 3.21210e-08 	 1000 	 97.05431
4 	 33 	 100 	 3.25124e-11 	 1000 	 2.27489	4 	 33 	 100 	 7.75516e+02 	 1 	 0.07864	4 	 33 	 100 	 3.15299e-11 	 1000 	 97.36361
5 	 33 	 100 	 6.36628e-13 	 1000 	 2.31961	5 	 33 	 100 	 6.37208e-13 	 1000 	 16.85456	5 	 33 	 100 	 2.07223e-12 	 1000 	 94.84420
6 	 33 	 100 	 5.57304e-12 	 1000 	 2.38864	6 	 33 	 100 	 1.30386e-11 	 1000 	 17.10595	6 	 33 	 100 	 3.01607e-11 	 1000 	 89.89226
7 	 33 	 100 	 1.05165e-08 	 1000 	 2.28612	7 	 33 	 100 	 2.30061e+04 	 107 	 1.48127	7 	 33 	 100 	 7.69725e-09 	 1000 	 78.46568
8 	 33 	 100 	 7.84403e-11 	 1000 	 2.43246	8 	 33 	 100 	 1.81827e+02 	 7 	 0.07751	8 	 33 	 100 	 1.48397e-11 	 1000 	 86.45292
9 	 33 	 100 	 2.39586e-10 	 1000 	 2.47022	9 	 33 	 100 	 2.70290e+02 	 1 	 0.04031	9 	 33 	 100 	 8.24215e-11 	 1000 	 87.71407
10 	 33 	 100 	 6.28320e-10 	 1000 	 2.37648	10 	 33 	 100 	 5.75878e-10 	 1000 	 16.81678	10 	 33 	 100 	 4.75286e-11 	 1000 	 75.07625
0 	 34 	 103 	 1.22008e-11 	 1000 	 2.42981	0 	 34 	 103 	 1.59004e+02 	 8 	 0.07818	0 	 34 	 103 	 2.44865e-11 	 1000 	 86.97783
1 	 34 	 103 	 1.65589e-11 	 1000 	 2.34199	1 	 34 	 103 	 9.18642e+01 	 16 	 0.18650	1 	 34 	 103 	 1.03734e-11 	 1000 	 84.20580
2 	 34 	 103 	 4.71428e-12 	 1000 	 2.39571	2 	 34 	 103 	 4.12083e+01 	 36 	 0.44804	2 	 34 	 103 	 9.91703e-12 	 1000 	 83.41237
3 	 34 	 103 	 2.31588e-01 	 1000 	 2.22963	3 	 34 	 103 	 1.95979e+04 	 4 	 0.07877	3 	 34 	 103 	 2.47478e-01 	 1000 	 78.37506
4 	 34 	 103 	 7.61670e-11 	 1000 	 2.32098	4 	 34 	 103 	 7.70945e+02 	 1 	 0.04167	4 	 34 	 103 	 4.53326e-11 	 1000 	 80.12359
5 	 34 	 103 	 4.73218e-11 	 1000 	 2.36012	5 	 34 	 103 	 4.76566e-11 	 1000 	 17.83254	5 	 34 	 103 	 4.45035e-11 	 1000 	 86.39561
6 	 34 	 103 	 1.97969e-11 	 1000 	 2.42230	6 	 34 	 103 	 1.98024e-11 	 1000 	 18.02320	6 	 34 	 103 	 5.27768e-12 	 1000 	 87.27737
7 	 34 	 103 	 9.52862e-09 	 1000 	 3.23245	7 	 34 	 103 	 2.28700e+04 	 6 	 0.08423	7 	 34 	 103 	 1.71591e-08 	 1000 	 83.61645
8 	 34 	 103 	 1.84629e-11 	 1000 	 3.54675	8 	 34 	 103 	 1.37095e+02 	 7 	 0.08490	8 	 34 	 103 	 4.03643e-11 	 1000 	 85.63912
9 	 34 	 103 	 7.90321e-10 	 1000 	 3.57338	9 	 34 	 103 	 2.60662e+02 	 1 	 0.07516	9 	 34 	 103 	 6.00818e-11 	 1000 	 86.99470
10 	 34 	 103 	 2.65722e-11 	 1000 	 3.55285	10 	 34 	 103 	 1.18404e+02 	 24 	 0.28968	10 	 34 	 103 	 2.46526e-11 	 1000 	 86.49652
0 	 35 	 106 	 9.92690e-12 	 1000 	 3.56434	0 	 35 	 106 	 1.58772e+02 	 11 	 0.13017	0 	 35 	 106 	 5.48136e-12 	 1000 	 91.09407
1 	 35 	 106 	 6.12571e-11 	 1000 	 3.60404	1 	 35 	 106 	 9.90257e+01 	 9 	 0.08311	1 	 35 	 106 	 7.27036e-11 	 1000 	 94.74676
2 	 35 	 106 	 1.08464e-11 	 1000 	 3.60190	2 	 35 	 106 	 4.01802e+01 	 80 	 1.28516	2 	 35 	 106 	 1.60999e-11 	 1000 	 95.71620
3 	 35 	 106 	 4.05298e-09 	 1000 	 3.64507	3 	 35 	 106 	 1.60192e+04 	 4 	 0.08046	3 	 35 	 106 	 4.58887e-09 	 1000 	 87.06563
4 	 35 	 106 	 2.89571e-11 	 1000 	 3.64250	4 	 35 	 106 	 8.20665e+02 	 1 	 0.04326	4 	 35 	 106 	 1.67735e-04 	 1000 	 64.72848
5 	 35 	 106 	 6.37475e-12 	 1000 	 3.67919	5 	 35 	 106 	 6.07196e+01 	 4 	 0.04994	5 	 35 	 106 	 1.09042e-11 	 1000 	 88.88249
6 	 35 	 106 	 7.58624e-11 	 1000 	 3.70243	6 	 35 	 106 	 7.58626e-11 	 1000 	 19.58490	6 	 35 	 106 	 1.58684e-10 	 1000 	 91.73127
7 	 35 	 106 	 9.48863e-07 	 1000 	 3.58731	7 	 35 	 106 	 1.83952e+04 	 83 	 1.18343	7 	 35 	 106 	 7.89392e-07 	 1000 	 88.26646
8 	 35 	 106 	 2.76569e-12 	 1000 	 3.56043	8 	 35 	 106 	 1.34165e+02 	 41 	 0.48151	8 	 35 	 106 	 4.14311e-13 	 1000 	 88.56863
9 	 35 	 106 	 2.66732e-11 	 1000 	 3.70308	9 	 35 	 106 	 2.89731e+02 	 1 	 0.04473	9 	 35 	 106 	 4.24792e-11 	 1000 	 90.85005
10 	 35 	 106 	 2.81010e-11 	 1000 	 3.59781	10 	 35 	 106 	 2.79097e-11 	 1000 	 19.69367	10 	 35 	 106 	 2.55342e-11 	 1000 	 88.44723
0 	 36 	 109 	 2.21156e-11 	 1000 	 3.70037	0 	 36 	 109 	 1.61196e+02 	 5 	 0.08548	0 	 36 	 109 	 7.55826e-12 	 1000 	 91.61367
1 	 36 	 109 	 3.51780e-11 	 1000 	 3.61468	1 	 36 	 109 	 8.45338e+01 	 16 	 0.22050	1 	 36 	 109 	 1.14636e-11 	 1000 	 94.73534
2 	 36 	 109 	 1.14647e-11 	 1000 	 3.64549	2 	 36 	 109 	 1.14647e-11 	 1000 	 21.36431	2 	 36 	 109 	 1.16476e-11 	 1000 	 96.35969
3 	 36 	 109 	 3.54937e-08 	 1000 	 3.51942	3 	 36 	 109 	 1.53521e+04 	 4 	 0.06338	3 	 36 	 109 	 7.45761e-09 	 1000 	 88.32508
4 	 36 	 109 	 4.29321e-10 	 1000 	 3.61453	4 	 36 	 109 	 7.06752e+02 	 1 	 0.04682	4 	 36 	 109 	 4.21803e-09 	 1000 	 89.19649
5 	 36 	 109 	 1.72623e-11 	 1000 	 3.58414	5 	 36 	 109 	 6.04676e+01 	 4 	 0.05054	5 	 36 	 109 	 6.55251e-11 	 1000 	 93.80082
6 	 36 	 109 	 8.44063e-12 	 1000 	 3.59140	6 	 36 	 109 	 8.44063e-12 	 1000 	 21.92375	6 	 36 	 109 	 7.02413e-12 	 1000 	 93.85180
7 	 36 	 109 	 1.31821e-10 	 1000 	 3.61079	7 	 36 	 109 	 2.09686e+04 	 171 	 3.25740	7 	 36 	 109 	 5.05476e-09 	 1000 	 89.22319
8 	 36 	 109 	 1.66522e-12 	 1000 	 3.26127	8 	 36 	 109 	 1.59289e-12 	 1000 	 20.89937	8 	 36 	 109 	 2.70806e-12 	 1000 	 91.15333
9 	 36 	 109 	 1.27149e-09 	 1000 	 2.44432	9 	 36 	 109 	 4.13488e+02 	 1 	 0.08395	9 	 36 	 109 	 3.30086e-09 	 1000 	 93.91583
10 	 36 	 109 	 1.92045e-10 	 1000 	 2.51934	10 	 36 	 109 	 1.74038e+02 	 1 	 0.04921	10 	 36 	 109 	 1.26665e-09 	 1000 	 85.76560
0 	 37 	 112 	 6.76698e-11 	 1000 	 2.60229	0 	 37 	 112 	 1.30597e+02 	 9 	 0.12194	0 	 37 	 112 	 2.17643e-11 	 1000 	 96.65798
1 	 37 	 112 	 3.79134e-11 	 1000 	 2.83746	1 	 37 	 112 	 7.96439e+01 	 17 	 0.23168	1 	 37 	 112 	 2.16723e-11 	 1000 	 100.58686
2 	 37 	 112 	 1.39318e-11 	 1000 	 2.62067	2 	 37 	 112 	 1.43463e-11 	 1000 	 21.23543	2 	 37 	 112 	 1.35893e-11 	 1000 	 100.24779
3 	 37 	 112 	 1.16706e+01 	 1000 	 2.61345	3 	 37 	 112 	 1.90427e+04 	 4 	 0.05240	3 	 37 	 112 	 4.20073e-09 	 1000 	 90.23650
4 	 37 	 112 	 3.87111e-12 	 1000 	 2.76605	4 	 37 	 112 	 7.17571e+02 	 1 	 0.08139	4 	 37 	 112 	 5.33658e-12 	 1000 	 97.98468
5 	 37 	 112 	 3.01142e-11 	 1000 	 2.76660	5 	 37 	 112 	 6.29374e+01 	 2 	 0.07467	5 	 37 	 112 	 4.43027e-11 	 1000 	 100.62494
6 	 37 	 112 	 4.52366e-12 	 1000 	 2.58154	6 	 37 	 112 	 4.50277e-12 	 1000 	 21.03937	6 	 37 	 112 	 6.64867e-12 	 1000 	 99.33301
7 	 37 	 112 	 4.73018e-09 	 1000 	 2.68129	7 	 37 	 112 	 2.53071e+04 	 6 	 0.13967	7 	 37 	 112 	 8.73003e-08 	 1000 	 97.63465
8 	 37 	 112 	 9.51758e-13 	 1000 	 2.52003	8 	 37 	 112 	 1.19784e-12 	 1000 	 21.40515	8 	 37 	 112 	 3.45361e-12 	 1000 	 100.53824
9 	 37 	 112 	 6.65897e-12 	 1000 	 2.58032	9 	 37 	 112 	 4.38249e+02 	 1 	 0.06909	9 	 37 	 112 	 4.93229e-11 	 1000 	 93.93493
10 	 37 	 112 	 2.48406e-11 	 1000 	 2.59341	10 	 37 	 112 	 1.68616e+02 	 1 	 0.08358	10 	 37 	 112 	 7.09429e-11 	 1000 	 96.66610
0 	 38 	 115 	 2.42025e-11 	 1000 	 2.68813	0 	 38 	 115 	 1.32891e+02 	 10 	 0.17330	0 	 38 	 115 	 7.08275e-11 	 1000 	 105.21094
1 	 38 	 115 	 9.45421e-11 	 1000 	 3.05983	1 	 38 	 115 	 9.45413e-11 	 1000 	 22.67227	1 	 38 	 115 	 5.32342e-11 	 1000 	 100.92880
2 	 38 	 115 	 2.00373e-11 	 1000 	 2.67702	2 	 38 	 115 	 2.00373e-11 	 1000 	 23.02708	2 	 38 	 115 	 1.94047e-11 	 1000 	 104.65700
3 	 38 	 115 	 1.11627e+01 	 1000 	 2.40448	3 	 38 	 115 	 8.22052e+03 	 4 	 0.05519	3 	 38 	 115 	 5.79241e-08 	 1000 	 96.92941
4 	 38 	 115 	 2.47956e-12 	 1000 	 2.66656	4 	 38 	 115 	 7.20980e+02 	 1 	 0.04871	4 	 38 	 115 	 1.87135e-11 	 1000 	 99.48738
5 	 38 	 115 	 1.37020e-10 	 1000 	 2.72545	5 	 38 	 115 	 5.20730e+01 	 2 	 0.05232	5 	 38 	 115 	 8.35284e-11 	 1000 	 98.33382
6 	 38 	 115 	 4.00204e-10 	 1000 	 2.66987	6 	 38 	 115 	 1.52669e-11 	 1000 	 21.82485	6 	 38 	 115 	 2.74730e-11 	 1000 	 100.04398
7 	 38 	 115 	 1.01229e-06 	 1000 	 2.65433	7 	 38 	 115 	 2.44184e+04 	 6 	 0.08169	7 	 38 	 115 	 3.11543e-08 	 1000 	 93.89235
8 	 38 	 115 	 3.35120e-11 	 1000 	 2.53421	8 	 38 	 115 	 9.53052e-12 	 1000 	 22.25791	8 	 38 	 115 	 2.99886e-11 	 1000 	 98.87880
9 	 38 	 115 	 3.48438e-11 	 1000 	 2.63837	9 	 38 	 115 	 3.90268e+02 	 15 	 0.21611	9 	 38 	 115 	 3.61652e-10 	 1000 	 103.15327
10 	 38 	 115 	 1.39593e-10 	 1000 	 2.66463	10 	 38 	 115 	 1.70495e+02 	 1 	 0.05129	10 	 38 	 115 	 1.82674e-07 	 1000 	 91.04771
0 	 39 	 118 	 8.50100e-12 	 1000 	 2.70103	0 	 39 	 118 	 1.23685e+02 	 11 	 0.17747	0 	 39 	 118 	 1.65435e-11 	 1000 	 111.46948
1 	 39 	 118 	 1.75867e-11 	 1000 	 2.69507	1 	 39 	 118 	 7.38203e+01 	 19 	 0.30502	1 	 39 	 118 	 9.78937e-12 	 1000 	 112.13190
2 	 39 	 118 	 2.02864e-11 	 1000 	 2.70155	2 	 39 	 118 	 2.03092e-11 	 1000 	 24.92528	2 	 39 	 118 	 1.97489e-11 	 1000 	 109.88793
3 	 39 	 118 	 1.55981e-09 	 1000 	 2.49362	3 	 39 	 118 	 5.13859e+03 	 34 	 0.48936	3 	 39 	 118 	 1.90171e-09 	 1000 	 103.58648
4 	 39 	 118 	 6.06266e-10 	 1000 	 2.79435	4 	 39 	 118 	 8.28884e+02 	 1 	 0.05485	4 	 39 	 118 	 7.57420e-13 	 1000 	 109.70603
5 	 39 	 118 	 2.35698e-11 	 1000 	 2.74234	5 	 39 	 118 	 5.87221e+01 	 2 	 0.05848	5 	 39 	 118 	 4.13583e-11 	 1000 	 110.54455
6 	 39 	 118 	 1.26759e-12 	 1000 	 3.18136	6 	 39 	 118 	 5.90503e-13 	 1000 	 24.03636	6 	 39 	 118 	 2.92780e-13 	 1000 	 109.09324
7 	 39 	 118 	 9.09347e-09 	 1000 	 2.89870	7 	 39 	 118 	 1.21115e-08 	 1000 	 23.19510	7 	 39 	 118 	 1.00447e-08 	 1000 	 101.76282
8 	 39 	 118 	 2.51167e-12 	 1000 	 2.76623	8 	 39 	 118 	 1.85348e+02 	 12 	 0.13737	8 	 39 	 118 	 2.51341e-12 	 1000 	 108.57003
9 	 39 	 118 	 1.09356e-11 	 1000 	 2.78179	9 	 39 	 118 	 3.64829e+02 	 15 	 0.23725	9 	 39 	 118 	 1.96098e-10 	 1000 	 97.30914
10 	 39 	 118 	 5.71919e-11 	 1000 	 2.81505	10 	 39 	 118 	 1.14339e+02 	 36 	 0.62417	10 	 39 	 118 	 1.97999e-10 	 1000 	 106.69870
0 	 40 	 121 	 1.58124e-12 	 1000 	 2.85507	0 	 40 	 121 	 1.56232e-12 	 1000 	 24.69700	0 	 40 	 121 	 1.83204e-12 	 1000 	 110.99569
1 	 40 	 121 	 5.56788e-12 	 1000 	 3.26339	1 	 40 	 121 	 5.56789e-12 	 1000 	 25.68354	1 	 40 	 121 	 6.96653e-12 	 1000 	 114.67147
2 	 40 	 121 	 1.51028e-11 	 1000 	 3.22299	2 	 40 	 121 	 1.51028e-11 	 1000 	 27.47508	2 	 40 	 121 	 1.51130e-11 	 1000 	 114.32650
3 	 40 	 121 	 1.04138e-08 	 1000 	 2.80734	3 	 40 	 121 	 9.21072e-09 	 1000 	 23.74284	3 	 40 	 121 	 5.85294e-10 	 1000 	 106.33065
4 	 40 	 121 	 1.65078e-10 	 1000 	 2.86010	4 	 40 	 121 	 8.50871e+02 	 1 	 0.05645	4 	 40 	 121 	 2.95951e-11 	 1000 	 111.29298
5 	 40 	 121 	 5.81043e-12 	 1000 	 2.92341	5 	 40 	 121 	 4.97625e+01 	 16 	 0.27088	5 	 40 	 121 	 7.30561e-12 	 1000 	 113.35349
6 	 40 	 121 	 6.35678e-10 	 1000 	 2.92205	6 	 40 	 121 	 3.68895e+02 	 5 	 0.06171	6 	 40 	 121 	 4.57166e-10 	 1000 	 116.72732
7 	 40 	 121 	 1.28886e-08 	 1000 	 2.80735	7 	 40 	 121 	 1.82826e+04 	 627 	 14.11242	7 	 40 	 121 	 3.76938e-09 	 1000 	 110.63220
8 	 40 	 121 	 2.43009e-11 	 1000 	 2.83169	8 	 40 	 121 	 2.43012e-11 	 1000 	 24.87834	8 	 40 	 121 	 4.89717e-13 	 1000 	 112.99662
9 	 40 	 121 	 1.86257e-10 	 1000 	 2.86201	9 	 40 	 121 	 3.54634e+02 	 15 	 0.24246	9 	 40 	 121 	 8.83922e-10 	 1000 	 112.48558
10 	 40 	 121 	 1.87585e-10 	 1000 	 2.74592	10 	 40 	 121 	 1.88007e-10 	 1000 	 24.51693	10 	 40 	 121 	 6.80429e-12 	 1000 	 110.75228
0 	 41 	 124 	 8.19257e-13 	 1000 	 2.95943	0 	 41 	 124 	 8.49307e-13 	 1000 	 25.18727	0 	 41 	 124 	 1.09942e-12 	 1000 	 115.77256
1 	 41 	 124 	 2.71624e-11 	 1000 	 2.94009	1 	 41 	 124 	 2.71630e-11 	 1000 	 25.51130	1 	 41 	 124 	 1.58260e-11 	 1000 	 120.16557
2 	 41 	 124 	 1.44605e-11 	 1000 	 3.06736	2 	 41 	 124 	 3.26539e+01 	 27 	 0.52902	2 	 41 	 124 	 1.36222e-11 	 1000 	 120.82133
3 	 41 	 124 	 5.39293e-10 	 1000 	 2.82500	3 	 41 	 124 	 3.69799e-10 	 1000 	 25.52761	3 	 41 	 124 	 7.89205e-10 	 1000 	 115.63249
4 	 41 	 124 	 1.39888e-10 	 1000 	 3.13233	4 	 41 	 124 	 9.03442e+02 	 1 	 0.06331	4 	 41 	 124 	 3.50682e-10 	 1000 	 111.89266
5 	 41 	 124 	 6.19213e-12 	 1000 	 3.02448	5 	 41 	 124 	 6.23124e-12 	 1000 	 26.30775	5 	 41 	 124 	 6.93510e-12 	 1000 	 117.05644
6 	 41 	 124 	 1.80729e-05 	 1000 	 2.94745	6 	 41 	 124 	 4.39041e+02 	 4 	 0.06909	6 	 41 	 124 	 2.21020e-02 	 1000 	 82.93269
7 	 41 	 124 	 3.55955e-10 	 1000 	 2.94048	7 	 41 	 124 	 1.90025e+04 	 5 	 0.09092	7 	 41 	 124 	 1.77285e-08 	 1000 	 96.07094
8 	 41 	 124 	 3.67114e-12 	 1000 	 2.95492	8 	 41 	 124 	 3.65686e-12 	 1000 	 25.86481	8 	 41 	 124 	 3.55860e-12 	 1000 	 121.17032
9 	 41 	 124 	 6.87886e-11 	 1000 	 2.85974	9 	 41 	 124 	 3.29089e+02 	 16 	 0.28575	9 	 41 	 124 	 9.11653e-10 	 1000 	 118.09325
10 	 41 	 124 	 1.11074e-11 	 1000 	 2.89531	10 	 41 	 124 	 1.08731e+02 	 1 	 0.07790	10 	 41 	 124 	 3.42862e-11 	 1000 	 117.50188
0 	 42 	 127 	 2.31739e-12 	 1000 	 3.19131	0 	 42 	 127 	 1.36661e+02 	 7 	 0.11693	0 	 42 	 127 	 2.51487e-12 	 1000 	 121.08834
1 	 42 	 127 	 2.30929e-11 	 1000 	 2.93834	1 	 42 	 127 	 7.63844e+01 	 10 	 0.14800	1 	 42 	 127 	 5.92788e-11 	 1000 	 120.60467
2 	 42 	 127 	 8.05819e-13 	 1000 	 2.86104	2 	 42 	 127 	 1.27232e-12 	 1000 	 26.33550	2 	 42 	 127 	 1.00596e-12 	 1000 	 121.95161
3 	 42 	 127 	 1.83803e-09 	 1000 	 2.83329	3 	 42 	 127 	 4.44420e+03 	 472 	 10.57462	3 	 42 	 127 	 1.75425e-09 	 1000 	 112.42955
4 	 42 	 127 	 4.12983e-04 	 1000 	 2.73402	4 	 42 	 127 	 9.01202e+02 	 1 	 0.05921	4 	 42 	 127 	 4.32511e-03 	 1000 	 100.36565
5 	 42 	 127 	 3.93444e-12 	 1000 	 3.18860	5 	 42 	 127 	 4.81947e+01 	 15 	 0.26917	5 	 42 	 127 	 6.70959e-12 	 1000 	 117.96561
6 	 42 	 127 	 2.89450e-11 	 1000 	 3.24529	6 	 42 	 127 	 4.52681e+02 	 4 	 0.06211	6 	 42 	 127 	 6.48501e-12 	 1000 	 116.43118
7 	 42 	 127 	 2.44861e-10 	 1000 	 3.11672	7 	 42 	 127 	 1.91208e+04 	 5 	 0.09203	7 	 42 	 127 	 5.21762e-10 	 1000 	 116.48078
8 	 42 	 127 	 1.00950e-10 	 1000 	 2.90885	8 	 42 	 127 	 4.98895e-11 	 1000 	 26.97618	8 	 42 	 127 	 5.64192e-12 	 1000 	 121.92398
9 	 42 	 127 	 1.67483e-10 	 1000 	 3.10697	9 	 42 	 127 	 4.02061e+02 	 22 	 0.38088	9 	 42 	 127 	 2.04051e-11 	 1000 	 122.10830
10 	 42 	 127 	 7.67285e-11 	 1000 	 3.11470	10 	 42 	 127 	 1.03126e+02 	 1 	 0.06478	10 	 42 	 127 	 1.63293e-09 	 1000 	 117.52680
0 	 43 	 130 	 1.84616e-11 	 1000 	 3.42399	0 	 43 	 130 	 1.37602e+02 	 23 	 0.62182	0 	 43 	 130 	 3.65462e-10 	 1000 	 101.62522
1 	 43 	 130 	 1.15314e-10 	 1000 	 3.70766	1 	 43 	 130 	 1.15823e-10 	 1000 	 28.69935	1 	 43 	 130 	 7.99158e-11 	 1000 	 130.27469
2 	 43 	 130 	 3.50218e-12 	 1000 	 3.59161	2 	 43 	 130 	 3.18075e+01 	 6 	 0.09992	2 	 43 	 130 	 5.32077e-11 	 1000 	 126.53133
3 	 43 	 130 	 4.40917e-09 	 1000 	 3.38339	3 	 43 	 130 	 5.15017e-09 	 1000 	 26.94776	3 	 43 	 130 	 3.65716e-09 	 1000 	 122.18511
4 	 43 	 130 	 3.13890e-10 	 1000 	 4.23423	4 	 43 	 130 	 8.51658e+02 	 1 	 0.06374	4 	 43 	 130 	 2.63168e-11 	 1000 	 129.88675
5 	 43 	 130 	 8.20010e-11 	 1000 	 3.33929	5 	 43 	 130 	 4.73095e+01 	 71 	 1.44590	5 	 43 	 130 	 1.22531e-10 	 1000 	 124.80304
6 	 43 	 130 	 2.41791e-11 	 1000 	 3.49660	6 	 43 	 130 	 4.50035e+02 	 4 	 0.07387	6 	 43 	 130 	 1.14013e-11 	 1000 	 119.74362
7 	 43 	 130 	 4.44578e-10 	 1000 	 3.99260	7 	 43 	 130 	 2.31822e+04 	 6 	 0.09752	7 	 43 	 130 	 2.32583e-09 	 1000 	 125.80399
8 	 43 	 130 	 8.89724e-12 	 1000 	 3.34110	8 	 43 	 130 	 1.71940e+02 	 8 	 0.10499	8 	 43 	 130 	 2.00111e-11 	 1000 	 124.36549
9 	 43 	 130 	 2.58342e-09 	 1000 	 3.75040	9 	 43 	 130 	 3.53190e+02 	 11 	 0.13834	9 	 43 	 130 	 5.69906e-10 	 1000 	 124.77455
10 	 43 	 130 	 3.88518e-12 	 1000 	 3.36701	10 	 43 	 130 	 9.80861e+01 	 1 	 0.06678	10 	 43 	 130 	 1.67768e-12 	 1000 	 121.30130
0 	 44 	 133 	 3.98137e-11 	 1000 	 4.36635	0 	 44 	 133 	 1.37180e+02 	 7 	 0.10214	0 	 44 	 133 	 1.43462e-11 	 1000 	 124.90075
1 	 44 	 133 	 1.63877e-10 	 1000 	 5.69117	1 	 44 	 133 	 1.63877e-10 	 1000 	 30.15508	1 	 44 	 133 	 1.62759e-10 	 1000 	 133.13481
2 	 44 	 133 	 3.44002e-11 	 1000 	 5.72332	2 	 44 	 133 	 3.02933e+01 	 6 	 0.10910	2 	 44 	 133 	 4.24686e-11 	 1000 	 131.17942
3 	 44 	 133 	 1.83866e-03 	 1000 	 5.89425	3 	 44 	 133 	 1.62981e+03 	 12 	 0.20411	3 	 44 	 133 	 4.98805e-09 	 1000 	 118.77228
4 	 44 	 133 	 3.01012e-10 	 1000 	 5.25290	4 	 44 	 133 	 8.47759e+02 	 1 	 0.06993	4 	 44 	 133 	 1.10522e-10 	 1000 	 130.46967
5 	 44 	 133 	 2.47938e-11 	 1000 	 4.63061	5 	 44 	 133 	 4.74652e+01 	 50 	 1.26678	5 	 44 	 133 	 3.55693e-11 	 1000 	 130.76184
6 	 44 	 133 	 3.99256e-09 	 1000 	 3.95301	6 	 44 	 133 	 4.46683e+02 	 4 	 0.07282	6 	 44 	 133 	 3.19277e+00 	 115 	 10.41264
7 	 44 	 133 	 9.19485e-10 	 1000 	 3.87516	7 	 44 	 133 	 2.32029e+04 	 5 	 0.09975	7 	 44 	 133 	 3.84626e-09 	 1000 	 122.84814
8 	 44 	 133 	 5.76212e-12 	 1000 	 3.92804	8 	 44 	 133 	 1.83326e+02 	 8 	 0.10369	8 	 44 	 133 	 1.25258e-11 	 1000 	 127.40020
9 	 44 	 133 	 4.41847e-11 	 1000 	 3.85651	9 	 44 	 133 	 3.91327e+02 	 1 	 0.06434	9 	 44 	 133 	 2.50228e-11 	 1000 	 127.42116
10 	 44 	 133 	 5.36073e-09 	 1000 	 3.86563	10 	 44 	 133 	 8.48650e+01 	 1 	 0.06759	10 	 44 	 133 	 1.86675e-10 	 1000 	 125.78659
0 	 45 	 136 	 2.92334e-12 	 1000 	 4.03964	0 	 45 	 136 	 1.38025e+02 	 7 	 0.10202	0 	 45 	 136 	 6.73395e-12 	 1000 	 134.45259
1 	 45 	 136 	 4.98986e-11 	 1000 	 3.98130	1 	 45 	 136 	 8.16787e+01 	 23 	 0.44565	1 	 45 	 136 	 1.81245e-11 	 1000 	 124.58536
2 	 45 	 136 	 6.89361e-11 	 1000 	 4.04062	2 	 45 	 136 	 3.12469e+01 	 5 	 0.10033	2 	 45 	 136 	 4.96372e-12 	 1000 	 140.85344
3 	 45 	 136 	 4.07265e-10 	 1000 	 3.88837	3 	 45 	 136 	 2.14987e+03 	 37 	 0.66852	3 	 45 	 136 	 1.78811e-10 	 1000 	 132.43028
4 	 45 	 136 	 1.71978e-11 	 1000 	 3.96589	4 	 45 	 136 	 8.44463e+02 	 1 	 0.06940	4 	 45 	 136 	 1.40296e-11 	 1000 	 139.37975
5 	 45 	 136 	 3.24702e-11 	 1000 	 4.00787	5 	 45 	 136 	 1.65943e-11 	 1000 	 30.99293	5 	 45 	 136 	 2.17718e-11 	 1000 	 140.17718
6 	 45 	 136 	 6.61179e-12 	 1000 	 4.02654	6 	 45 	 136 	 3.98206e+02 	 4 	 0.07990	6 	 45 	 136 	 1.31551e-11 	 1000 	 136.75298
7 	 45 	 136 	 8.02614e-09 	 1000 	 4.35891	7 	 45 	 136 	 2.38593e+04 	 5 	 0.10192	7 	 45 	 136 	 4.15074e-09 	 1000 	 134.93728
8 	 45 	 136 	 3.70638e-11 	 1000 	 4.41616	8 	 45 	 136 	 2.00888e+02 	 8 	 0.10937	8 	 45 	 136 	 3.82756e-11 	 1000 	 135.63376
9 	 45 	 136 	 3.03193e-11 	 1000 	 3.68966	9 	 45 	 136 	 3.94540e+02 	 1 	 0.07051	9 	 45 	 136 	 1.74231e-10 	 1000 	 139.14358
10 	 45 	 136 	 4.25093e-11 	 1000 	 3.94484	10 	 45 	 136 	 9.71093e+01 	 1 	 0.06920	10 	 45 	 136 	 1.47689e-11 	 1000 	 134.67975
0 	 46 	 139 	 5.30816e-13 	 1000 	 3.71049	0 	 46 	 139 	 1.38435e+02 	 6 	 0.10838	0 	 46 	 139 	 4.61201e-11 	 1000 	 103.14558
1 	 46 	 139 	 1.07998e-11 	 1000 	 3.95787	1 	 46 	 139 	 7.95827e+01 	 29 	 0.69187	1 	 46 	 139 	 2.67655e-12 	 1000 	 139.46514
2 	 46 	 139 	 1.19117e-12 	 1000 	 3.67144	2 	 46 	 139 	 3.51913e+01 	 6 	 0.12118	2 	 46 	 139 	 1.14302e-12 	 1000 	 146.82847
3 	 46 	 139 	 5.03641e-10 	 1000 	 3.60454	3 	 46 	 139 	 1.74186e-09 	 1000 	 30.12195	3 	 46 	 139 	 1.19168e-09 	 1000 	 137.00775
4 	 46 	 139 	 2.04536e-11 	 1000 	 4.43516	4 	 46 	 139 	 8.36468e+02 	 1 	 0.08080	4 	 46 	 139 	 2.07365e-12 	 1000 	 144.31559
5 	 46 	 139 	 1.73158e-12 	 1000 	 4.21042	5 	 46 	 139 	 4.68886e+01 	 32 	 0.81994	5 	 46 	 139 	 1.97712e-11 	 1000 	 143.15517
6 	 46 	 139 	 9.94609e-12 	 1000 	 3.90107	6 	 46 	 139 	 3.36608e+02 	 5 	 0.08924	6 	 46 	 139 	 1.98885e-11 	 1000 	 135.27127
7 	 46 	 139 	 3.88107e-09 	 1000 	 3.47581	7 	 46 	 139 	 3.13018e+04 	 5 	 0.10900	7 	 46 	 139 	 3.47021e-09 	 1000 	 134.31637
8 	 46 	 139 	 4.95555e-12 	 1000 	 3.58909	8 	 46 	 139 	 1.72218e+02 	 5 	 0.10964	8 	 46 	 139 	 5.11574e-12 	 1000 	 140.18981
9 	 46 	 139 	 5.94940e-11 	 1000 	 3.60118	9 	 46 	 139 	 3.42663e+02 	 1 	 0.07928	9 	 46 	 139 	 9.10920e-12 	 1000 	 144.03950
10 	 46 	 139 	 2.24611e-11 	 1000 	 3.66395	10 	 46 	 139 	 9.79683e+01 	 1 	 0.07165	10 	 46 	 139 	 1.64909e-11 	 1000 	 131.57336
0 	 47 	 142 	 1.29141e-12 	 1000 	 3.63138	0 	 47 	 142 	 1.32647e+02 	 8 	 0.12111	0 	 47 	 142 	 4.95945e-12 	 1000 	 147.77250
1 	 47 	 142 	 2.58958e-10 	 1000 	 3.74563	1 	 47 	 142 	 7.77526e+01 	 23 	 0.62839	1 	 47 	 142 	 1.31081e-10 	 1000 	 150.64380
2 	 47 	 142 	 1.71803e-11 	 1000 	 3.65802	2 	 47 	 142 	 4.57661e+01 	 5 	 0.12279	2 	 47 	 142 	 7.88313e-12 	 1000 	 149.50996
3 	 47 	 142 	 6.45704e-11 	 1000 	 4.00123	3 	 47 	 142 	 5.98114e-11 	 1000 	 31.90053	3 	 47 	 142 	 1.95099e-10 	 1000 	 140.63376
4 	 47 	 142 	 6.08785e-12 	 1000 	 4.13165	4 	 47 	 142 	 8.13512e+02 	 1 	 0.08114	4 	 47 	 142 	 3.97400e-11 	 1000 	 144.86510
5 	 47 	 142 	 4.49805e-12 	 1000 	 4.03183	5 	 47 	 142 	 4.66895e+01 	 1 	 0.07214	5 	 47 	 142 	 3.00674e-11 	 1000 	 143.41782
6 	 47 	 142 	 1.30777e-11 	 1000 	 4.13595	6 	 47 	 142 	 1.76530e-11 	 1000 	 33.97667	6 	 47 	 142 	 2.37153e-11 	 1000 	 147.43462
7 	 47 	 142 	 1.58413e-08 	 1000 	 4.29291	7 	 47 	 142 	 3.12344e+04 	 5 	 0.11313	7 	 47 	 142 	 2.33897e-08 	 1000 	 122.88418
8 	 47 	 142 	 1.83495e-11 	 1000 	 3.95495	8 	 47 	 142 	 1.50381e+02 	 6 	 0.11614	8 	 47 	 142 	 9.55845e-04 	 1000 	 110.94274
9 	 47 	 142 	 3.96622e-10 	 1000 	 4.04433	9 	 47 	 142 	 3.41370e+02 	 1 	 0.07549	9 	 47 	 142 	 1.05739e-10 	 1000 	 136.75739
10 	 47 	 142 	 1.99704e-09 	 1000 	 4.05836	10 	 47 	 142 	 1.08259e+02 	 1 	 0.07304	10 	 47 	 142 	 3.36896e-09 	 1000 	 138.97769
0 	 48 	 145 	 3.02056e-12 	 1000 	 4.14328	0 	 48 	 145 	 1.65833e+02 	 11 	 0.16891	0 	 48 	 145 	 2.60179e-12 	 1000 	 156.51009
1 	 48 	 145 	 2.63189e-11 	 1000 	 4.11844	1 	 48 	 145 	 3.94191e-11 	 1000 	 36.32253	1 	 48 	 145 	 3.25375e-11 	 1000 	 154.20743
2 	 48 	 145 	 8.14303e-11 	 1000 	 4.09590	2 	 48 	 145 	 8.66497e-11 	 1000 	 35.39173	2 	 48 	 145 	 9.79377e-11 	 1000 	 153.74165
3 	 48 	 145 	 3.45474e-10 	 1000 	 4.05100	3 	 48 	 145 	 8.79514e-10 	 1000 	 32.92865	3 	 48 	 145 	 9.87820e-10 	 1000 	 149.34639
4 	 48 	 145 	 2.26278e-11 	 1000 	 4.93818	4 	 48 	 145 	 8.35969e+02 	 1 	 0.09342	4 	 48 	 145 	 9.90335e-12 	 1000 	 135.37237
5 	 48 	 145 	 1.50438e-11 	 1000 	 4.61242	5 	 48 	 145 	 4.82333e+01 	 15 	 0.33170	5 	 48 	 145 	 2.89924e-12 	 1000 	 152.91710
6 	 48 	 145 	 3.57767e-11 	 1000 	 3.72481	6 	 48 	 145 	 3.61406e-11 	 1000 	 33.78671	6 	 48 	 145 	 1.21501e-11 	 1000 	 151.61903
7 	 48 	 145 	 2.74856e-09 	 1000 	 3.71959	7 	 48 	 145 	 2.71403e-09 	 1000 	 36.12046	7 	 48 	 145 	 1.34653e-08 	 1000 	 130.06070
8 	 48 	 145 	 3.96873e-13 	 1000 	 3.71714	8 	 48 	 145 	 1.32003e+02 	 8 	 0.13439	8 	 48 	 145 	 3.92318e-12 	 1000 	 153.28014
9 	 48 	 145 	 4.51701e-11 	 1000 	 3.68150	9 	 48 	 145 	 3.28267e+02 	 1 	 0.07562	9 	 48 	 145 	 3.08392e-11 	 1000 	 153.50794
10 	 48 	 145 	 3.51530e-11 	 1000 	 3.84193	10 	 48 	 145 	 1.12447e+02 	 1 	 0.07546	10 	 48 	 145 	 4.67342e-12 	 1000 	 149.55878
0 	 49 	 148 	 1.89015e-12 	 1000 	 3.71518	0 	 49 	 148 	 1.88305e-12 	 1000 	 37.62216	0 	 49 	 148 	 2.98465e-12 	 1000 	 161.73797
1 	 49 	 148 	 1.45036e-11 	 1000 	 3.75318	1 	 49 	 148 	 1.44801e-11 	 1000 	 36.73284	1 	 49 	 148 	 2.01115e-11 	 1000 	 163.01391
2 	 49 	 148 	 8.73199e-12 	 1000 	 3.79470	2 	 49 	 148 	 4.41303e+01 	 456 	 16.24798	2 	 49 	 148 	 1.27109e-11 	 1000 	 160.45436
3 	 49 	 148 	 2.29238e-09 	 1000 	 3.72227	3 	 49 	 148 	 1.57567e-09 	 1000 	 34.32479	3 	 49 	 148 	 4.19459e-09 	 1000 	 158.34110
4 	 49 	 148 	 6.74228e-12 	 1000 	 3.74678	4 	 49 	 148 	 7.82033e+02 	 1 	 0.08907	4 	 49 	 148 	 7.14703e-11 	 1000 	 131.55092
5 	 49 	 148 	 3.67977e-12 	 1000 	 3.77855	5 	 49 	 148 	 4.80661e+01 	 15 	 0.38080	5 	 49 	 148 	 2.13022e-12 	 1000 	 157.45752
6 	 49 	 148 	 6.51767e-12 	 1000 	 3.79238	6 	 49 	 148 	 6.51402e-12 	 1000 	 34.74009	6 	 49 	 148 	 8.65610e-12 	 1000 	 160.73320
7 	 49 	 148 	 1.63842e-07 	 1000 	 3.82498	7 	 49 	 148 	 9.85655e-09 	 1000 	 29.19445	7 	 49 	 148 	 7.73881e-08 	 1000 	 131.65033
8 	 49 	 148 	 4.01613e-12 	 1000 	 3.84854	8 	 49 	 148 	 1.30834e+02 	 10 	 0.12967	8 	 49 	 148 	 2.63685e-11 	 1000 	 162.17231
9 	 49 	 148 	 4.23352e-11 	 1000 	 3.78959	9 	 49 	 148 	 3.06688e+02 	 1 	 0.09395	9 	 49 	 148 	 4.13432e-11 	 1000 	 160.42229
10 	 49 	 148 	 1.99602e-11 	 1000 	 3.70650	10 	 49 	 148 	 1.11177e+02 	 1 	 0.08373	10 	 49 	 148 	 1.77064e-11 	 1000 	 158.01833
0 	 50 	 151 	 1.09151e-11 	 1000 	 3.85890	0 	 50 	 151 	 1.11199e-11 	 1000 	 37.08999	0 	 50 	 151 	 1.14387e-11 	 1000 	 166.49524
1 	 50 	 151 	 7.40433e-11 	 1000 	 3.93972	1 	 50 	 151 	 7.45597e-11 	 1000 	 37.82298	1 	 50 	 151 	 3.44938e-11 	 1000 	 166.27322
2 	 50 	 151 	 1.21596e-11 	 1000 	 3.87453	2 	 50 	 151 	 4.35819e+01 	 5 	 0.12230	2 	 50 	 151 	 5.35283e-09 	 1000 	 133.87128
3 	 50 	 151 	 2.01883e-09 	 1000 	 3.71113	3 	 50 	 151 	 7.05733e+03 	 64 	 1.52103	3 	 50 	 151 	 1.47591e-09 	 1000 	 155.41285
4 	 50 	 151 	 1.72085e-11 	 1000 	 3.99945	4 	 50 	 151 	 8.43743e+02 	 1 	 0.07717	4 	 50 	 151 	 1.08365e-11 	 1000 	 162.86873
5 	 50 	 151 	 5.76979e-12 	 1000 	 3.82591	5 	 50 	 151 	 4.69453e+01 	 15 	 0.36180	5 	 50 	 151 	 3.21495e-12 	 1000 	 163.40438
6 	 50 	 151 	 1.28714e-10 	 1000 	 3.77164	6 	 50 	 151 	 9.68150e-11 	 1000 	 37.52036	6 	 50 	 151 	 3.91425e-11 	 1000 	 162.82966
7 	 50 	 151 	 1.52659e-08 	 1000 	 3.71625		7 	 50 	 151 	 1.93275e-08 	 1000 	 136.70527
8 	 50 	 151 	 5.73563e-11 	 1000 	 3.76854		8 	 50 	 151 	 6.93876e-11 	 1000 	 161.88111
9 	 50 	 151 	 7.94547e-11 	 1000 	 3.94524		9 	 50 	 151 	 7.60463e-11 	 1000 	 167.37627
10 	 50 	 151 	 1.65413e-11 	 1000 	 4.59006		10 	 50 	 151 	 8.91459e-12 	 1000 	 157.51237
