0 	 5 	 16 	 5.85484e-01 	 136 	 0.79001
1 	 5 	 16 	 7.28893e-09 	 1000 	 7.30509
2 	 5 	 16 	 3.77357e-01 	 59 	 0.31837
3 	 5 	 16 	 1.05044e+01 	 83 	 0.53620
4 	 5 	 16 	 1.09736e-07 	 354 	 2.57367
5 	 5 	 16 	 1.48962e+00 	 36 	 0.22479
6 	 5 	 16 	 3.30113e+00 	 64 	 0.36279
7 	 5 	 16 	 8.34454e-07 	 1000 	 7.49481
8 	 5 	 16 	 8.93994e-01 	 39 	 0.22710
9 	 5 	 16 	 8.35509e-04 	 1000 	 5.99862
10 	 5 	 16 	 4.84757e-01 	 53 	 0.32215
0 	 6 	 19 	 5.35390e-10 	 1000 	 8.46568
1 	 6 	 19 	 3.20653e-08 	 1000 	 8.97868
2 	 6 	 19 	 3.72926e-01 	 1000 	 7.84343
3 	 6 	 19 	 1.02718e+01 	 76 	 0.53097
4 	 6 	 19 	 2.40365e-05 	 1000 	 9.01158
5 	 6 	 19 	 2.17382e-08 	 1000 	 9.33139
6 	 6 	 19 	 1.69832e-07 	 1000 	 9.83198
7 	 6 	 19 	 7.78847e+00 	 17 	 0.11654
8 	 6 	 19 	 6.25534e-08 	 1000 	 9.73220
9 	 6 	 19 	 1.97303e+00 	 1000 	 7.71913
10 	 6 	 19 	 4.42375e-01 	 43 	 0.31514
0 	 7 	 22 	 4.57890e-08 	 241 	 2.43829
1 	 7 	 22 	 9.60536e-06 	 1000 	 10.76595
2 	 7 	 22 	 8.87823e-02 	 1000 	 10.47114
3 	 7 	 22 	 1.09740e+01 	 44 	 0.35801
4 	 7 	 22 	 4.53045e-08 	 1000 	 10.35802
5 	 7 	 22 	 1.33831e+00 	 44 	 0.37571
6 	 7 	 22 	 5.03351e-10 	 1000 	 11.01805
7 	 7 	 22 	 6.48922e-07 	 1000 	 12.40477
8 	 7 	 22 	 9.38356e-07 	 1000 	 10.70457
9 	 7 	 22 	 5.09429e-09 	 1000 	 10.50240
10 	 7 	 22 	 2.91574e+01 	 34 	 0.30023
0 	 8 	 25 	 9.16848e-08 	 1000 	 12.11941
1 	 8 	 25 	 8.41222e-08 	 1000 	 12.51623
2 	 8 	 25 	 3.21867e-01 	 1000 	 11.72945
3 	 8 	 25 	 1.96424e-04 	 1000 	 12.54122
4 	 8 	 25 	 1.36211e+00 	 84 	 0.78783
5 	 8 	 25 	 2.43153e-09 	 1000 	 12.40279
6 	 8 	 25 	 1.29239e-09 	 1000 	 12.27583
7 	 8 	 25 	 2.88835e-06 	 1000 	 12.33443
8 	 8 	 25 	 1.15813e-09 	 1000 	 12.88828
9 	 8 	 25 	 4.28610e+01 	 156 	 1.64689
10 	 8 	 25 	 4.47563e-01 	 68 	 0.55649
0 	 9 	 28 	 1.35917e-10 	 1000 	 14.36101
1 	 9 	 28 	 4.82414e-10 	 1000 	 14.45386
2 	 9 	 28 	 2.45867e+01 	 1000 	 14.86553
3 	 9 	 28 	 9.33995e-07 	 1000 	 14.57643
4 	 9 	 28 	 1.15208e-07 	 1000 	 14.38369
5 	 9 	 28 	 1.67212e-07 	 1000 	 13.80514
6 	 9 	 28 	 6.40261e-11 	 1000 	 14.95217
7 	 9 	 28 	 1.22808e+01 	 21 	 0.21006
8 	 9 	 28 	 1.87416e-10 	 1000 	 16.69830
9 	 9 	 28 	 2.02211e+00 	 428 	 5.92231
10 	 9 	 28 	 6.35901e-07 	 1000 	 13.73037
0 	 10 	 31 	 4.14598e-01 	 92 	 1.19031
1 	 10 	 31 	 2.51939e-10 	 1000 	 16.60429
2 	 10 	 31 	 6.46237e-10 	 1000 	 16.46946
3 	 10 	 31 	 8.11023e-07 	 1000 	 16.05082
4 	 10 	 31 	 1.31591e+00 	 342 	 4.21778
5 	 10 	 31 	 1.71085e-10 	 1000 	 15.52766
6 	 10 	 31 	 2.82502e-11 	 1000 	 16.59463
7 	 10 	 31 	 7.90076e-07 	 1000 	 16.18065
8 	 10 	 31 	 2.77744e-10 	 1000 	 16.45871
9 	 10 	 31 	 1.27126e-05 	 1000 	 15.63440
10 	 10 	 31 	 6.17598e-07 	 1000 	 16.82086
0 	 11 	 34 	 1.78488e-09 	 1000 	 19.11978
1 	 11 	 34 	 1.49297e-10 	 1000 	 19.27331
2 	 11 	 34 	 2.66787e-11 	 1000 	 18.71311
3 	 11 	 34 	 4.52040e-07 	 1000 	 18.12433
4 	 11 	 34 	 1.36453e+00 	 51 	 0.64795
5 	 11 	 34 	 3.28894e-10 	 1000 	 17.75822
6 	 11 	 34 	 2.23948e-10 	 1000 	 19.06132
7 	 11 	 34 	 3.90223e-09 	 1000 	 18.28245
8 	 11 	 34 	 1.76980e-10 	 1000 	 19.12056
9 	 11 	 34 	 8.40165e-09 	 1000 	 18.75592
10 	 11 	 34 	 2.42648e-07 	 1000 	 18.01674
0 	 12 	 37 	 2.04208e-10 	 1000 	 20.56275
1 	 12 	 37 	 1.16231e-10 	 1000 	 20.98693
2 	 12 	 37 	 1.48182e-10 	 1000 	 20.88396
3 	 12 	 37 	 3.94413e-03 	 1000 	 18.48900
4 	 12 	 37 	 3.70113e-09 	 1000 	 20.46168
5 	 12 	 37 	 2.96648e-10 	 1000 	 20.07792
6 	 12 	 37 	 2.51295e-10 	 1000 	 20.72025
7 	 12 	 37 	 6.87047e+00 	 93 	 1.61071
8 	 12 	 37 	 1.33238e-10 	 1000 	 19.98432
9 	 12 	 37 	 3.80743e-09 	 1000 	 20.66410
10 	 12 	 37 	 1.20878e-09 	 1000 	 20.92654
0 	 13 	 40 	 8.85569e-11 	 1000 	 22.94753
1 	 13 	 40 	 1.86671e-10 	 1000 	 23.29915
2 	 13 	 40 	 3.49945e-11 	 1000 	 22.93463
3 	 13 	 40 	 7.91847e-07 	 1000 	 22.72649
4 	 13 	 40 	 3.39881e-07 	 1000 	 21.85956
5 	 13 	 40 	 1.11539e-09 	 1000 	 22.19485
6 	 13 	 40 	 2.67950e-12 	 1000 	 21.53918
7 	 13 	 40 	 1.17933e-06 	 1000 	 21.10004
8 	 13 	 40 	 3.83731e-09 	 1000 	 22.34857
9 	 13 	 40 	 2.34005e-09 	 1000 	 20.41121
10 	 13 	 40 	 3.90551e-01 	 1000 	 19.16018
0 	 14 	 43 	 4.94144e-10 	 1000 	 24.30461
1 	 14 	 43 	 1.93550e-10 	 1000 	 26.05610
2 	 14 	 43 	 1.27277e-10 	 1000 	 24.12022
3 	 14 	 43 	 2.08043e-07 	 1000 	 24.88386
4 	 14 	 43 	 1.35909e+00 	 209 	 5.05929
5 	 14 	 43 	 2.65151e-11 	 1000 	 25.44545
6 	 14 	 43 	 1.16742e-09 	 1000 	 25.42226
7 	 14 	 43 	 7.10065e+00 	 1000 	 23.93559
8 	 14 	 43 	 6.87142e-11 	 1000 	 24.79087
9 	 14 	 43 	 2.86993e-10 	 1000 	 23.86570
10 	 14 	 43 	 6.61256e-09 	 1000 	 24.72673
0 	 15 	 46 	 8.31110e-11 	 1000 	 26.12210
1 	 15 	 46 	 1.31634e-10 	 1000 	 27.27422
2 	 15 	 46 	 2.76736e-11 	 1000 	 29.58599
3 	 15 	 46 	 1.64189e-07 	 1000 	 27.91163
4 	 15 	 46 	 1.13474e-09 	 1000 	 26.77572
5 	 15 	 46 	 6.96872e-10 	 1000 	 28.13154
6 	 15 	 46 	 2.44163e-11 	 1000 	 26.39995
7 	 15 	 46 	 5.08251e-09 	 1000 	 26.44047
8 	 15 	 46 	 1.22361e-10 	 1000 	 27.76974
9 	 15 	 46 	 7.69268e-09 	 1000 	 27.66005
10 	 15 	 46 	 7.71696e-10 	 1000 	 26.31920
0 	 16 	 49 	 7.60129e-11 	 1000 	 30.00673
1 	 16 	 49 	 1.25716e-10 	 1000 	 30.37735
2 	 16 	 49 	 2.03387e-10 	 1000 	 30.41799
3 	 16 	 49 	 2.10691e-07 	 1000 	 28.90549
4 	 16 	 49 	 1.31443e+00 	 1000 	 24.75320
5 	 16 	 49 	 2.26360e-11 	 1000 	 29.51631
6 	 16 	 49 	 3.99356e-10 	 1000 	 28.27670
7 	 16 	 49 	 5.43847e-09 	 1000 	 29.10211
8 	 16 	 49 	 2.70705e-10 	 1000 	 28.64229
9 	 16 	 49 	 8.46798e-09 	 1000 	 28.54099
10 	 16 	 49 	 2.15957e-09 	 1000 	 23.38602
0 	 17 	 52 	 1.44843e-09 	 1000 	 30.45376
1 	 17 	 52 	 7.77779e-10 	 1000 	 32.48881
2 	 17 	 52 	 1.45914e-10 	 1000 	 32.85041
3 	 17 	 52 	 1.88933e-07 	 1000 	 32.41863
4 	 17 	 52 	 4.92852e-11 	 1000 	 31.88079
5 	 17 	 52 	 4.15156e-11 	 1000 	 32.36436
6 	 17 	 52 	 6.89950e-12 	 1000 	 34.09671
7 	 17 	 52 	 6.95265e-07 	 1000 	 32.62630
8 	 17 	 52 	 4.80412e-11 	 1000 	 31.98655
9 	 17 	 52 	 3.95665e-10 	 1000 	 31.68759
10 	 17 	 52 	 1.58178e-08 	 1000 	 28.53400
0 	 18 	 55 	 1.29105e-11 	 1000 	 34.65050
1 	 18 	 55 	 1.51198e-09 	 1000 	 36.01324
2 	 18 	 55 	 3.45628e-11 	 1000 	 33.83513
3 	 18 	 55 	 3.70655e-08 	 1000 	 36.48936
4 	 18 	 55 	 7.49592e-09 	 1000 	 32.85653
5 	 18 	 55 	 1.28469e-10 	 1000 	 32.86783
6 	 18 	 55 	 4.54980e-11 	 1000 	 35.48271
7 	 18 	 55 	 1.01172e-07 	 1000 	 32.98545
8 	 18 	 55 	 6.68099e-11 	 1000 	 34.91369
9 	 18 	 55 	 1.08310e-09 	 1000 	 34.54672
10 	 18 	 55 	 5.93197e-11 	 1000 	 34.67696
0 	 19 	 58 	 1.19961e-11 	 1000 	 37.48859
1 	 19 	 58 	 1.50103e-09 	 1000 	 35.01746
2 	 19 	 58 	 3.12477e-12 	 1000 	 37.54599
3 	 19 	 58 	 2.88621e-07 	 1000 	 37.95489
4 	 19 	 58 	 1.95904e-09 	 1000 	 36.72506
5 	 19 	 58 	 2.10947e-10 	 1000 	 36.44907
6 	 19 	 58 	 1.03686e-10 	 1000 	 37.64146
7 	 19 	 58 	 5.83552e-08 	 1000 	 36.93224
8 	 19 	 58 	 8.54938e-10 	 1000 	 38.26176
9 	 19 	 58 	 1.09048e-09 	 1000 	 34.62922
10 	 19 	 58 	 1.88272e-10 	 1000 	 38.65253
0 	 20 	 61 	 8.32061e-11 	 1000 	 39.97229
1 	 20 	 61 	 3.05743e-11 	 1000 	 40.97958
2 	 20 	 61 	 4.49973e-10 	 1000 	 40.38167
3 	 20 	 61 	 7.55134e-10 	 1000 	 38.16798
4 	 20 	 61 	 1.89017e-10 	 1000 	 38.77780
5 	 20 	 61 	 1.93177e-11 	 1000 	 41.08780
6 	 20 	 61 	 2.55660e-12 	 1000 	 41.11789
7 	 20 	 61 	 2.65711e-09 	 1000 	 39.99463
8 	 20 	 61 	 4.16442e-11 	 1000 	 41.69309
9 	 20 	 61 	 7.46345e-08 	 1000 	 27.93508
10 	 20 	 61 	 4.00583e-10 	 1000 	 38.85954
0 	 21 	 64 	 2.18691e-10 	 1000 	 41.45717
1 	 21 	 64 	 3.25119e-11 	 1000 	 44.00398
2 	 21 	 64 	 1.35768e-11 	 1000 	 42.36731
3 	 21 	 64 	 1.84965e-09 	 1000 	 41.84583
4 	 21 	 64 	 3.51353e-11 	 1000 	 41.02503
5 	 21 	 64 	 7.33121e-12 	 1000 	 44.25964
6 	 21 	 64 	 2.97677e-11 	 1000 	 43.20497
7 	 21 	 64 	 1.17445e-09 	 1000 	 40.49826
8 	 21 	 64 	 3.90448e-11 	 1000 	 42.85536
9 	 21 	 64 	 2.00531e-10 	 1000 	 41.77631
10 	 21 	 64 	 6.57639e-10 	 1000 	 40.56500
0 	 22 	 67 	 5.40735e-10 	 1000 	 46.54769
1 	 22 	 67 	 2.10134e-11 	 1000 	 46.35780
2 	 22 	 67 	 1.25466e-09 	 1000 	 45.60861
3 	 22 	 67 	 5.74138e-10 	 1000 	 44.28509
4 	 22 	 67 	 1.75052e-10 	 1000 	 44.53403
5 	 22 	 67 	 1.14640e-10 	 1000 	 43.16676
6 	 22 	 67 	 9.19954e-11 	 1000 	 44.95516
7 	 22 	 67 	 5.05132e-07 	 1000 	 43.58944
8 	 22 	 67 	 1.59536e-10 	 1000 	 45.57722
9 	 22 	 67 	 1.18934e-09 	 1000 	 43.95816
10 	 22 	 67 	 2.06154e-10 	 1000 	 43.52912
0 	 23 	 70 	 4.45058e-09 	 1000 	 44.85637
1 	 23 	 70 	 5.22427e-12 	 1000 	 48.77413
2 	 23 	 70 	 2.24077e-11 	 1000 	 48.32920
3 	 23 	 70 	 1.26841e-08 	 1000 	 47.28556
4 	 23 	 70 	 1.39800e-10 	 1000 	 49.51232
5 	 23 	 70 	 1.55964e-11 	 1000 	 48.95255
6 	 23 	 70 	 8.85889e-11 	 1000 	 49.03215
7 	 23 	 70 	 3.93870e-09 	 1000 	 48.12321
8 	 23 	 70 	 5.10616e-11 	 1000 	 47.22660
9 	 23 	 70 	 1.47318e-10 	 1000 	 47.62706
10 	 23 	 70 	 5.03911e-10 	 1000 	 46.31168
0 	 24 	 73 	 4.37085e-11 	 1000 	 52.16967
1 	 24 	 73 	 9.54728e-12 	 1000 	 52.65177
2 	 24 	 73 	 2.22229e-09 	 1000 	 47.46011
3 	 24 	 73 	 2.82455e-08 	 1000 	 44.49720
4 	 24 	 73 	 2.19346e-10 	 1000 	 46.10391
5 	 24 	 73 	 1.29668e+00 	 1000 	 36.75846
6 	 24 	 73 	 1.04724e-11 	 1000 	 51.59950
7 	 24 	 73 	 1.03035e-10 	 1000 	 51.15774
8 	 24 	 73 	 2.91432e-11 	 1000 	 49.90353
9 	 24 	 73 	 5.93368e-11 	 1000 	 51.81233
10 	 24 	 73 	 4.70588e-10 	 1000 	 49.82444
0 	 25 	 76 	 5.86244e-11 	 1000 	 54.91962
1 	 25 	 76 	 1.17996e-11 	 1000 	 55.00870
2 	 25 	 76 	 4.05532e-12 	 1000 	 56.51109
3 	 25 	 76 	 2.02275e-09 	 1000 	 52.82044
4 	 25 	 76 	 1.31126e+00 	 260 	 9.71486
5 	 25 	 76 	 7.24876e-11 	 1000 	 53.73923
6 	 25 	 76 	 6.76182e-12 	 1000 	 55.11341
7 	 25 	 76 	 1.93220e-08 	 1000 	 53.49801
8 	 25 	 76 	 2.31327e-12 	 1000 	 54.57409
9 	 25 	 76 	 1.59965e-10 	 1000 	 55.36492
10 	 25 	 76 	 3.07317e-10 	 1000 	 49.65689
0 	 26 	 79 	 9.87138e-10 	 1000 	 56.88310
1 	 26 	 79 	 1.27940e-11 	 1000 	 58.36468
2 	 26 	 79 	 7.02754e-12 	 1000 	 57.95526
3 	 26 	 79 	 1.60687e-09 	 1000 	 56.27274
4 	 26 	 79 	 2.17666e-11 	 1000 	 57.36751
5 	 26 	 79 	 3.40826e-10 	 1000 	 56.27674
6 	 26 	 79 	 6.57311e-12 	 1000 	 57.66010
7 	 26 	 79 	 2.88118e-09 	 1000 	 54.53982
8 	 26 	 79 	 4.74828e-11 	 1000 	 58.23391
9 	 26 	 79 	 6.02021e-10 	 1000 	 59.10681
10 	 26 	 79 	 1.12802e-11 	 1000 	 59.20008
0 	 27 	 82 	 1.75165e-09 	 1000 	 60.45255
1 	 27 	 82 	 1.63404e-12 	 1000 	 63.25218
2 	 27 	 82 	 1.94247e-10 	 1000 	 62.04921
3 	 27 	 82 	 3.18178e-07 	 1000 	 60.59951
4 	 27 	 82 	 2.41221e-12 	 1000 	 62.55532
5 	 27 	 82 	 2.68526e-09 	 1000 	 55.45687
6 	 27 	 82 	 2.19975e-11 	 1000 	 62.09227
7 	 27 	 82 	 2.77094e-07 	 1000 	 60.50200
8 	 27 	 82 	 1.38877e-11 	 1000 	 61.82846
9 	 27 	 82 	 1.34328e-11 	 1000 	 62.16087
10 	 27 	 82 	 1.96301e-11 	 1000 	 61.09744
0 	 28 	 85 	 9.12940e-11 	 1000 	 63.54244
1 	 28 	 85 	 2.85583e-11 	 1000 	 60.01787
2 	 28 	 85 	 3.84008e-12 	 1000 	 65.34921
3 	 28 	 85 	 2.81626e-08 	 1000 	 63.74784
4 	 28 	 85 	 2.99478e-11 	 1000 	 65.10214
5 	 28 	 85 	 2.87724e-08 	 1000 	 48.26029
6 	 28 	 85 	 8.01286e-12 	 1000 	 66.10420
7 	 28 	 85 	 6.19568e-09 	 1000 	 60.15462
8 	 28 	 85 	 2.24954e-11 	 1000 	 66.16053
9 	 28 	 85 	 1.76659e-10 	 1000 	 68.70680
10 	 28 	 85 	 2.27205e-10 	 1000 	 64.44593
0 	 29 	 88 	 4.16010e-10 	 1000 	 66.37502
1 	 29 	 88 	 8.22359e-11 	 1000 	 72.15998
2 	 29 	 88 	 2.06221e-12 	 1000 	 69.40488
3 	 29 	 88 	 2.80916e-07 	 1000 	 66.71143
4 	 29 	 88 	 5.77709e-11 	 1000 	 68.43919
5 	 29 	 88 	 4.16223e-10 	 1000 	 64.59918
6 	 29 	 88 	 1.41278e-11 	 1000 	 68.45132
7 	 29 	 88 	 9.28283e-11 	 1000 	 64.74843
8 	 29 	 88 	 7.37701e-12 	 1000 	 54.70076
9 	 29 	 88 	 1.67707e-11 	 1000 	 68.16875
10 	 29 	 88 	 9.92935e-06 	 1000 	 51.66057
0 	 30 	 91 	 1.46221e-11 	 1000 	 68.67607
1 	 30 	 91 	 2.62987e-11 	 1000 	 72.42269
2 	 30 	 91 	 3.71542e-12 	 1000 	 74.85959
3 	 30 	 91 	 1.34592e+01 	 1000 	 67.18107
4 	 30 	 91 	 1.95293e-10 	 1000 	 72.73764
5 	 30 	 91 	 7.79859e-11 	 1000 	 69.04966
6 	 30 	 91 	 3.36576e-11 	 1000 	 73.42926
7 	 30 	 91 	 2.72348e-08 	 1000 	 70.64469
8 	 30 	 91 	 1.40865e-12 	 1000 	 71.61096
9 	 30 	 91 	 2.36587e-09 	 1000 	 72.01144
10 	 30 	 91 	 2.55981e-10 	 1000 	 67.94108
0 	 31 	 94 	 7.47210e-03 	 1000 	 65.17455
1 	 31 	 94 	 1.29660e-11 	 1000 	 76.72195
2 	 31 	 94 	 2.55858e-11 	 1000 	 75.34426
3 	 31 	 94 	 1.09208e-07 	 1000 	 68.99524
4 	 31 	 94 	 5.11913e-11 	 1000 	 74.36846
5 	 31 	 94 	 1.12897e-11 	 1000 	 73.72797
6 	 31 	 94 	 5.89669e-11 	 1000 	 75.83599
7 	 31 	 94 	 2.59431e-09 	 1000 	 71.57349
8 	 31 	 94 	 5.13207e-12 	 1000 	 75.49377
9 	 31 	 94 	 4.11765e-11 	 1000 	 74.49412
10 	 31 	 94 	 2.82302e-11 	 1000 	 72.10721
0 	 32 	 97 	 4.70850e-11 	 1000 	 78.14910
1 	 32 	 97 	 6.94249e-12 	 1000 	 81.19284
2 	 32 	 97 	 2.55741e-11 	 1000 	 83.02129
3 	 32 	 97 	 7.23170e-09 	 1000 	 78.99465
4 	 32 	 97 	 1.35281e-11 	 1000 	 81.11515
5 	 32 	 97 	 2.43808e-11 	 1000 	 83.90502
6 	 32 	 97 	 2.34689e-11 	 1000 	 84.57828
7 	 32 	 97 	 4.30244e-10 	 1000 	 81.21752
8 	 32 	 97 	 1.24169e-11 	 1000 	 81.60560
9 	 32 	 97 	 5.52767e-09 	 1000 	 82.87056
10 	 32 	 97 	 3.45116e-10 	 1000 	 82.11753
0 	 33 	 100 	 2.99253e-10 	 1000 	 90.68380
1 	 33 	 100 	 1.66242e-11 	 1000 	 92.58863
2 	 33 	 100 	 3.55282e-11 	 1000 	 104.76901
3 	 33 	 100 	 3.21210e-08 	 1000 	 97.05431
4 	 33 	 100 	 3.15299e-11 	 1000 	 97.36361
5 	 33 	 100 	 2.07223e-12 	 1000 	 94.84420
6 	 33 	 100 	 3.01607e-11 	 1000 	 89.89226
7 	 33 	 100 	 7.69725e-09 	 1000 	 78.46568
8 	 33 	 100 	 1.48397e-11 	 1000 	 86.45292
9 	 33 	 100 	 8.24215e-11 	 1000 	 87.71407
10 	 33 	 100 	 4.75286e-11 	 1000 	 75.07625
0 	 34 	 103 	 2.44865e-11 	 1000 	 86.97783
1 	 34 	 103 	 1.03734e-11 	 1000 	 84.20580
2 	 34 	 103 	 9.91703e-12 	 1000 	 83.41237
3 	 34 	 103 	 2.47478e-01 	 1000 	 78.37506
4 	 34 	 103 	 4.53326e-11 	 1000 	 80.12359
5 	 34 	 103 	 4.45035e-11 	 1000 	 86.39561
6 	 34 	 103 	 5.27768e-12 	 1000 	 87.27737
7 	 34 	 103 	 1.71591e-08 	 1000 	 83.61645
8 	 34 	 103 	 4.03643e-11 	 1000 	 85.63912
9 	 34 	 103 	 6.00818e-11 	 1000 	 86.99470
10 	 34 	 103 	 2.46526e-11 	 1000 	 86.49652
0 	 35 	 106 	 5.48136e-12 	 1000 	 91.09407
1 	 35 	 106 	 7.27036e-11 	 1000 	 94.74676
2 	 35 	 106 	 1.60999e-11 	 1000 	 95.71620
3 	 35 	 106 	 4.58887e-09 	 1000 	 87.06563
4 	 35 	 106 	 1.67735e-04 	 1000 	 64.72848
5 	 35 	 106 	 1.09042e-11 	 1000 	 88.88249
6 	 35 	 106 	 1.58684e-10 	 1000 	 91.73127
7 	 35 	 106 	 7.89392e-07 	 1000 	 88.26646
8 	 35 	 106 	 4.14311e-13 	 1000 	 88.56863
9 	 35 	 106 	 4.24792e-11 	 1000 	 90.85005
10 	 35 	 106 	 2.55342e-11 	 1000 	 88.44723
0 	 36 	 109 	 7.55826e-12 	 1000 	 91.61367
1 	 36 	 109 	 1.14636e-11 	 1000 	 94.73534
2 	 36 	 109 	 1.16476e-11 	 1000 	 96.35969
3 	 36 	 109 	 7.45761e-09 	 1000 	 88.32508
4 	 36 	 109 	 4.21803e-09 	 1000 	 89.19649
5 	 36 	 109 	 6.55251e-11 	 1000 	 93.80082
6 	 36 	 109 	 7.02413e-12 	 1000 	 93.85180
7 	 36 	 109 	 5.05476e-09 	 1000 	 89.22319
8 	 36 	 109 	 2.70806e-12 	 1000 	 91.15333
9 	 36 	 109 	 3.30086e-09 	 1000 	 93.91583
10 	 36 	 109 	 1.26665e-09 	 1000 	 85.76560
0 	 37 	 112 	 2.17643e-11 	 1000 	 96.65798
1 	 37 	 112 	 2.16723e-11 	 1000 	 100.58686
2 	 37 	 112 	 1.35893e-11 	 1000 	 100.24779
3 	 37 	 112 	 4.20073e-09 	 1000 	 90.23650
4 	 37 	 112 	 5.33658e-12 	 1000 	 97.98468
5 	 37 	 112 	 4.43027e-11 	 1000 	 100.62494
6 	 37 	 112 	 6.64867e-12 	 1000 	 99.33301
7 	 37 	 112 	 8.73003e-08 	 1000 	 97.63465
8 	 37 	 112 	 3.45361e-12 	 1000 	 100.53824
9 	 37 	 112 	 4.93229e-11 	 1000 	 93.93493
10 	 37 	 112 	 7.09429e-11 	 1000 	 96.66610
0 	 38 	 115 	 7.08275e-11 	 1000 	 105.21094
1 	 38 	 115 	 5.32342e-11 	 1000 	 100.92880
2 	 38 	 115 	 1.94047e-11 	 1000 	 104.65700
3 	 38 	 115 	 5.79241e-08 	 1000 	 96.92941
4 	 38 	 115 	 1.87135e-11 	 1000 	 99.48738
5 	 38 	 115 	 8.35284e-11 	 1000 	 98.33382
6 	 38 	 115 	 2.74730e-11 	 1000 	 100.04398
7 	 38 	 115 	 3.11543e-08 	 1000 	 93.89235
8 	 38 	 115 	 2.99886e-11 	 1000 	 98.87880
9 	 38 	 115 	 3.61652e-10 	 1000 	 103.15327
10 	 38 	 115 	 1.82674e-07 	 1000 	 91.04771
0 	 39 	 118 	 1.65435e-11 	 1000 	 111.46948
1 	 39 	 118 	 9.78937e-12 	 1000 	 112.13190
2 	 39 	 118 	 1.97489e-11 	 1000 	 109.88793
3 	 39 	 118 	 1.90171e-09 	 1000 	 103.58648
4 	 39 	 118 	 7.57420e-13 	 1000 	 109.70603
5 	 39 	 118 	 4.13583e-11 	 1000 	 110.54455
6 	 39 	 118 	 2.92780e-13 	 1000 	 109.09324
7 	 39 	 118 	 1.00447e-08 	 1000 	 101.76282
8 	 39 	 118 	 2.51341e-12 	 1000 	 108.57003
9 	 39 	 118 	 1.96098e-10 	 1000 	 97.30914
10 	 39 	 118 	 1.97999e-10 	 1000 	 106.69870
0 	 40 	 121 	 1.83204e-12 	 1000 	 110.99569
1 	 40 	 121 	 6.96653e-12 	 1000 	 114.67147
2 	 40 	 121 	 1.51130e-11 	 1000 	 114.32650
3 	 40 	 121 	 5.85294e-10 	 1000 	 106.33065
4 	 40 	 121 	 2.95951e-11 	 1000 	 111.29298
5 	 40 	 121 	 7.30561e-12 	 1000 	 113.35349
6 	 40 	 121 	 4.57166e-10 	 1000 	 116.72732
7 	 40 	 121 	 3.76938e-09 	 1000 	 110.63220
8 	 40 	 121 	 4.89717e-13 	 1000 	 112.99662
9 	 40 	 121 	 8.83922e-10 	 1000 	 112.48558
10 	 40 	 121 	 6.80429e-12 	 1000 	 110.75228
0 	 41 	 124 	 1.09942e-12 	 1000 	 115.77256
1 	 41 	 124 	 1.58260e-11 	 1000 	 120.16557
2 	 41 	 124 	 1.36222e-11 	 1000 	 120.82133
3 	 41 	 124 	 7.89205e-10 	 1000 	 115.63249
4 	 41 	 124 	 3.50682e-10 	 1000 	 111.89266
5 	 41 	 124 	 6.93510e-12 	 1000 	 117.05644
6 	 41 	 124 	 2.21020e-02 	 1000 	 82.93269
7 	 41 	 124 	 1.77285e-08 	 1000 	 96.07094
8 	 41 	 124 	 3.55860e-12 	 1000 	 121.17032
9 	 41 	 124 	 9.11653e-10 	 1000 	 118.09325
10 	 41 	 124 	 3.42862e-11 	 1000 	 117.50188
0 	 42 	 127 	 2.51487e-12 	 1000 	 121.08834
1 	 42 	 127 	 5.92788e-11 	 1000 	 120.60467
2 	 42 	 127 	 1.00596e-12 	 1000 	 121.95161
3 	 42 	 127 	 1.75425e-09 	 1000 	 112.42955
4 	 42 	 127 	 4.32511e-03 	 1000 	 100.36565
5 	 42 	 127 	 6.70959e-12 	 1000 	 117.96561
6 	 42 	 127 	 6.48501e-12 	 1000 	 116.43118
7 	 42 	 127 	 5.21762e-10 	 1000 	 116.48078
8 	 42 	 127 	 5.64192e-12 	 1000 	 121.92398
9 	 42 	 127 	 2.04051e-11 	 1000 	 122.10830
10 	 42 	 127 	 1.63293e-09 	 1000 	 117.52680
0 	 43 	 130 	 3.65462e-10 	 1000 	 101.62522
1 	 43 	 130 	 7.99158e-11 	 1000 	 130.27469
2 	 43 	 130 	 5.32077e-11 	 1000 	 126.53133
3 	 43 	 130 	 3.65716e-09 	 1000 	 122.18511
4 	 43 	 130 	 2.63168e-11 	 1000 	 129.88675
5 	 43 	 130 	 1.22531e-10 	 1000 	 124.80304
6 	 43 	 130 	 1.14013e-11 	 1000 	 119.74362
7 	 43 	 130 	 2.32583e-09 	 1000 	 125.80399
8 	 43 	 130 	 2.00111e-11 	 1000 	 124.36549
9 	 43 	 130 	 5.69906e-10 	 1000 	 124.77455
10 	 43 	 130 	 1.67768e-12 	 1000 	 121.30130
0 	 44 	 133 	 1.43462e-11 	 1000 	 124.90075
1 	 44 	 133 	 1.62759e-10 	 1000 	 133.13481
2 	 44 	 133 	 4.24686e-11 	 1000 	 131.17942
3 	 44 	 133 	 4.98805e-09 	 1000 	 118.77228
4 	 44 	 133 	 1.10522e-10 	 1000 	 130.46967
5 	 44 	 133 	 3.55693e-11 	 1000 	 130.76184
6 	 44 	 133 	 3.19277e+00 	 115 	 10.41264
7 	 44 	 133 	 3.84626e-09 	 1000 	 122.84814
8 	 44 	 133 	 1.25258e-11 	 1000 	 127.40020
9 	 44 	 133 	 2.50228e-11 	 1000 	 127.42116
10 	 44 	 133 	 1.86675e-10 	 1000 	 125.78659
0 	 45 	 136 	 6.73395e-12 	 1000 	 134.45259
1 	 45 	 136 	 1.81245e-11 	 1000 	 124.58536
2 	 45 	 136 	 4.96372e-12 	 1000 	 140.85344
3 	 45 	 136 	 1.78811e-10 	 1000 	 132.43028
4 	 45 	 136 	 1.40296e-11 	 1000 	 139.37975
5 	 45 	 136 	 2.17718e-11 	 1000 	 140.17718
6 	 45 	 136 	 1.31551e-11 	 1000 	 136.75298
7 	 45 	 136 	 4.15074e-09 	 1000 	 134.93728
8 	 45 	 136 	 3.82756e-11 	 1000 	 135.63376
9 	 45 	 136 	 1.74231e-10 	 1000 	 139.14358
10 	 45 	 136 	 1.47689e-11 	 1000 	 134.67975
0 	 46 	 139 	 4.61201e-11 	 1000 	 103.14558
1 	 46 	 139 	 2.67655e-12 	 1000 	 139.46514
2 	 46 	 139 	 1.14302e-12 	 1000 	 146.82847
3 	 46 	 139 	 1.19168e-09 	 1000 	 137.00775
4 	 46 	 139 	 2.07365e-12 	 1000 	 144.31559
5 	 46 	 139 	 1.97712e-11 	 1000 	 143.15517
6 	 46 	 139 	 1.98885e-11 	 1000 	 135.27127
7 	 46 	 139 	 3.47021e-09 	 1000 	 134.31637
8 	 46 	 139 	 5.11574e-12 	 1000 	 140.18981
9 	 46 	 139 	 9.10920e-12 	 1000 	 144.03950
10 	 46 	 139 	 1.64909e-11 	 1000 	 131.57336
0 	 47 	 142 	 4.95945e-12 	 1000 	 147.77250
1 	 47 	 142 	 1.31081e-10 	 1000 	 150.64380
2 	 47 	 142 	 7.88313e-12 	 1000 	 149.50996
3 	 47 	 142 	 1.95099e-10 	 1000 	 140.63376
4 	 47 	 142 	 3.97400e-11 	 1000 	 144.86510
5 	 47 	 142 	 3.00674e-11 	 1000 	 143.41782
6 	 47 	 142 	 2.37153e-11 	 1000 	 147.43462
7 	 47 	 142 	 2.33897e-08 	 1000 	 122.88418
8 	 47 	 142 	 9.55845e-04 	 1000 	 110.94274
9 	 47 	 142 	 1.05739e-10 	 1000 	 136.75739
10 	 47 	 142 	 3.36896e-09 	 1000 	 138.97769
0 	 48 	 145 	 2.60179e-12 	 1000 	 156.51009
1 	 48 	 145 	 3.25375e-11 	 1000 	 154.20743
2 	 48 	 145 	 9.79377e-11 	 1000 	 153.74165
3 	 48 	 145 	 9.87820e-10 	 1000 	 149.34639
4 	 48 	 145 	 9.90335e-12 	 1000 	 135.37237
5 	 48 	 145 	 2.89924e-12 	 1000 	 152.91710
6 	 48 	 145 	 1.21501e-11 	 1000 	 151.61903
7 	 48 	 145 	 1.34653e-08 	 1000 	 130.06070
8 	 48 	 145 	 3.92318e-12 	 1000 	 153.28014
9 	 48 	 145 	 3.08392e-11 	 1000 	 153.50794
10 	 48 	 145 	 4.67342e-12 	 1000 	 149.55878
0 	 49 	 148 	 2.98465e-12 	 1000 	 161.73797
1 	 49 	 148 	 2.01115e-11 	 1000 	 163.01391
2 	 49 	 148 	 1.27109e-11 	 1000 	 160.45436
3 	 49 	 148 	 4.19459e-09 	 1000 	 158.34110
4 	 49 	 148 	 7.14703e-11 	 1000 	 131.55092
5 	 49 	 148 	 2.13022e-12 	 1000 	 157.45752
6 	 49 	 148 	 8.65610e-12 	 1000 	 160.73320
7 	 49 	 148 	 7.73881e-08 	 1000 	 131.65033
8 	 49 	 148 	 2.63685e-11 	 1000 	 162.17231
9 	 49 	 148 	 4.13432e-11 	 1000 	 160.42229
10 	 49 	 148 	 1.77064e-11 	 1000 	 158.01833
0 	 50 	 151 	 1.14387e-11 	 1000 	 166.49524
1 	 50 	 151 	 3.44938e-11 	 1000 	 166.27322
2 	 50 	 151 	 5.35283e-09 	 1000 	 133.87128
3 	 50 	 151 	 1.47591e-09 	 1000 	 155.41285
4 	 50 	 151 	 1.08365e-11 	 1000 	 162.86873
5 	 50 	 151 	 3.21495e-12 	 1000 	 163.40438
6 	 50 	 151 	 3.91425e-11 	 1000 	 162.82966
7 	 50 	 151 	 1.93275e-08 	 1000 	 136.70527
8 	 50 	 151 	 6.93876e-11 	 1000 	 161.88111
9 	 50 	 151 	 7.60463e-11 	 1000 	 167.37627
10 	 50 	 151 	 8.91459e-12 	 1000 	 157.51237
